# Egdf
        -20.4255       0.0156401      0.00218036     0.000496087      0.00201569        -7.49692         0.42488            0.05       0.0061903        0.121339
        -20.2151       0.0164716      0.00228727     0.000520245      0.00211322        -4.69093         0.99662             0.1       0.0231452       0.0698466
        -20.0048       0.0173472      0.00239935     0.000545554      0.00221534        -2.57401         2.22074            0.15       0.0359365       0.0164541
        -19.7945       0.0182694      0.00251684     0.000572067      0.00232224       -0.992317         5.29801             0.2       0.0823878       0.0040911
        -19.5842       0.0192406         0.00264      0.00059984      0.00243413       -0.789682         6.17366            0.25        0.311479       0.0102719
        -19.3741       0.0202634      0.00276908     0.000628929      0.00255124       -0.730289         6.47753             0.3        0.324846      0.00941041
         -19.164       0.0213407      0.00290438     0.000659394      0.00267379       -0.517645         7.80869            0.35        0.309342      0.00538841
         -18.954       0.0224751      0.00304616     0.000691299      0.00280202       -0.369757         9.04567             0.4        0.325585      0.00378282
        -18.7441       0.0236699      0.00319474     0.000724708      0.00293618        -0.15236         11.6373            0.45        0.307849      0.00177155
        -18.5343       0.0249282      0.00335043     0.000759688      0.00307652       -0.151458         11.6508             0.5          0.3148      0.00180567
        -18.3246       0.0262534      0.00351355     0.000796311       0.0032233        0.119136         17.5539            0.55        0.330935     0.000592994
         -18.115       0.0276491      0.00368445     0.000834651       0.0033768        0.319824         27.2022             0.6        0.486875      0.00024624
        -17.9055       0.0291189      0.00386348     0.000874784       0.0035373        0.328578          27.853            0.65        0.506527     0.000239149
        -17.6961       0.0306669      0.00405101      0.00091679       0.0037051        0.453669         41.9692             0.7         0.60112     8.55352e-05
        -17.4869       0.0322971      0.00424743     0.000960754      0.00388051           0.523         57.8315            0.75        0.634828     3.51161e-05
        -17.2777       0.0340141      0.00445313      0.00100676      0.00406383         0.62397         125.472             0.8         1.20984     6.71675e-06
        -17.0687       0.0358223      0.00466855       0.0010549       0.0042554        0.654384         192.055            0.85         2.98158     4.65021e-06
        -16.8599       0.0377266       0.0048941      0.00110528      0.00445555        0.655067         194.363             0.9          3.0027     4.51908e-06
        -16.6511       0.0397322      0.00513026      0.00115798      0.00466465        0.676737         313.559            0.95         3.67271     1.32346e-06
        -16.4426       0.0418443      0.00537748      0.00121311      0.00488305
        -16.2342       0.0440688      0.00563627      0.00127079      0.00511112
        -16.0259       0.0464115      0.00590712      0.00133111      0.00534927
        -15.8179       0.0488788      0.00619058      0.00139421      0.00559788
          -15.61       0.0514772       0.0064872      0.00146019      0.00585738
        -15.4023       0.0542137      0.00679755       0.0015292      0.00612821
        -15.1949       0.0570958      0.00712223      0.00160136       0.0064108
        -14.9876        0.060131      0.00746186      0.00167682      0.00670561
        -14.7806       0.0633276      0.00781709      0.00175572      0.00701313
        -14.5738       0.0666941      0.00818859      0.00183821      0.00733385
        -14.3673       0.0702396      0.00857705      0.00192446      0.00766828
        -14.1611       0.0739735       0.0089832      0.00201463      0.00801695
        -13.9551        0.077906      0.00940779       0.0021089       0.0083804
        -13.7494       0.0820475       0.0098516      0.00220746       0.0087592
        -13.5441       0.0864092       0.0103154       0.0023105      0.00915394
         -13.339       0.0910028       0.0108002      0.00241822      0.00956522
        -13.1343       0.0958405       0.0113066      0.00253085      0.00999367
          -12.93        0.100935       0.0118357      0.00264862       0.0104399
         -12.726        0.106301       0.0123884      0.00277175       0.0109047
        -12.5224        0.111952       0.0129657       0.0029005       0.0113887
        -12.3193        0.117904       0.0135685      0.00303514       0.0118925
        -12.1165        0.124171        0.014198      0.00317596       0.0124171
        -11.9143        0.130772       0.0148552      0.00332324       0.0129631
        -11.7125        0.137724       0.0155412      0.00347731       0.0135313
        -11.5112        0.145046       0.0162573      0.00363851       0.0141227
        -11.3104        0.152757       0.0170046      0.00380717        0.014738
        -11.1102        0.160877       0.0177845       0.0039837       0.0153782
        -10.9105        0.169429       0.0185981      0.00416847       0.0160443
        -10.7114        0.178436        0.019447      0.00436192       0.0167371
         -10.513        0.187922       0.0203324       0.0045645       0.0174577
        -10.3152        0.197912       0.0212559       0.0047767       0.0182072
        -10.1182        0.208433       0.0222191      0.00499902       0.0189867
        -9.92181        0.219514       0.0232233        0.005232       0.0197973
        -9.72621        0.231183       0.0242704      0.00547625       0.0206401
        -9.53139        0.243473        0.025362      0.00573236       0.0215165
        -9.33739        0.256416       0.0264999      0.00600102       0.0224277
        -9.14425        0.270047        0.027686      0.00628293        0.023375
          -8.952        0.284403        0.028922      0.00657883       0.0243598
        -8.76069        0.299522       0.0302101      0.00688955       0.0253835
        -8.57035        0.315445       0.0315522      0.00721595       0.0264476
        -8.38102        0.332214       0.0329506      0.00755895       0.0275537
        -8.19275        0.349874       0.0344073      0.00791954       0.0287032
        -8.00559        0.368474       0.0359247      0.00829878       0.0298978
        -7.81956        0.388062       0.0375053      0.00869779       0.0311393
        -7.63473        0.408692       0.0391513      0.00911779       0.0324292
        -7.45114        0.430418       0.0408655      0.00956008       0.0337694
        -7.26883        0.453299       0.0426505        0.010026       0.0351617
        -7.08786        0.477397       0.0445089       0.0105171        0.036608
        -6.90827        0.502775       0.0464437        0.011035         0.03811
        -6.73011        0.529503       0.0484577       0.0115812       0.0396698
        -6.55345        0.557652       0.0505541       0.0121577       0.0412892
        -6.37832        0.587297        0.052736       0.0127664       0.0429703
        -6.20479        0.618518       0.0550066       0.0134093       0.0447149
         -6.0329        0.651398       0.0573692       0.0140886       0.0465251
        -5.86271        0.686027       0.0598273       0.0148068       0.0484029
        -5.69428        0.722496       0.0623845       0.0155663       0.0503501
        -5.52766        0.760905       0.0650444       0.0163699       0.0523687
         -5.3629        0.801355       0.0678107       0.0172204       0.0544606
        -5.20007        0.843955       0.0706873       0.0181208       0.0566275
         -5.0392         0.88882       0.0736782       0.0190745       0.0588713
        -4.88036         0.93607       0.0767872       0.0200849       0.0611934
         -4.7236        0.985832       0.0800186       0.0211557       0.0635955
        -4.56898         1.03824       0.0833766       0.0222909       0.0660789
        -4.41654         1.09343       0.0868652       0.0234946       0.0686449
        -4.26633         1.15156        0.090489       0.0247712       0.0712944
         -4.1184         1.21278       0.0942522       0.0261255       0.0740284
        -3.97281         1.27725       0.0981592       0.0275625       0.0768474
         -3.8296         1.34515        0.102214       0.0290874       0.0797518
         -3.6888         1.41666        0.106422       0.0307058       0.0827415
        -3.55047         1.49197        0.110787       0.0324236       0.0858163
        -3.41464         1.57128        0.115313        0.034247       0.0889756
        -3.28134         1.65481        0.120006       0.0361825       0.0922184
        -3.15062         1.74278        0.124868       0.0382371       0.0955432
        -3.02251         1.83543        0.129904       0.0404178       0.0989481
        -2.89703           1.933        0.135119       0.0427322        0.102431
        -2.77421         2.03576        0.140517       0.0451883        0.105988
        -2.65406         2.14398          0.1461       0.0477942        0.109618
        -2.53662         2.25796        0.151873       0.0505586        0.113315
        -2.42189         2.37799         0.15784       0.0534902        0.117075
        -2.30989          2.5044        0.164002       0.0565984        0.120893
        -2.20063         2.63754        0.170364       0.0598927        0.124763
         -2.0941         2.77775        0.176927       0.0633828        0.128679
        -1.99032         2.92542        0.183695       0.0670789        0.132635
        -1.88927         3.08093        0.190668       0.0709914        0.136622
        -1.79096         3.24472        0.197848       0.0751308        0.140633
        -1.69536         3.41721        0.205236       0.0795078        0.144658
        -1.60247         3.59887        0.212833       0.0841334        0.148689
        -1.51228         3.79019        0.220639       0.0890187        0.152715
        -1.42475         3.99167        0.228653       0.0941747        0.156726
        -1.33987         4.20387        0.236874       0.0996125        0.160711
        -1.25761         4.42735          0.2453        0.105343        0.164659
        -1.17794         4.66271         0.25393        0.111378        0.168558
        -1.10083         4.91058        0.262761        0.117727        0.172396
        -1.02624         5.17163        0.271788        0.124402        0.176161
       -0.954124         5.44656        0.281008        0.131413        0.179841
       -0.884455          5.7361        0.290416        0.138769        0.183423
       -0.817184         6.04103        0.300007        0.146481        0.186894
       -0.752268         6.36218        0.309774        0.154557        0.190242
       -0.689659         6.70039        0.319712        0.163005        0.193455
        -0.62931         7.05659        0.329812        0.171835         0.19652
        -0.57117         7.43172        0.340067        0.181053        0.199428
       -0.515188         7.82679        0.350468        0.190665        0.202165
       -0.461313         8.24287        0.361006        0.200678        0.204722
       -0.409492         8.68106        0.371672        0.211095        0.207088
        -0.35967         9.14255        0.382455        0.221921        0.209255
       -0.311795         9.62858        0.393345        0.233159        0.211214
       -0.265811         10.1404        0.404331        0.244811        0.212957
       -0.221664         10.6795        0.415402        0.256877        0.214479
         -0.1793         11.2472        0.426546        0.269358        0.215773
       -0.138663         11.8451         0.43775        0.282252        0.216834
      -0.0997004         12.4748        0.449004        0.295558         0.21766
      -0.0623571          13.138        0.460294        0.309271        0.218248
      -0.0265802         13.8364        0.471608        0.323389        0.218596
      0.00768323          14.572        0.482934        0.337905        0.218705
       0.0404852         15.3466         0.49426        0.352815        0.218576
       0.0718769         16.1625        0.505573         0.36811         0.21821
        0.101909         17.0217         0.51686        0.383784        0.217611
        0.130631         17.9265        0.528111        0.399829        0.216783
        0.158091         18.8795        0.539313        0.416234        0.215731
        0.184337         19.8832        0.550455        0.432991        0.214461
        0.209415         20.9402        0.561526         0.45009         0.21298
        0.233371         22.0533        0.572515        0.467521        0.211296
        0.256248         23.2257        0.583411        0.485273        0.209418
        0.278089         24.4604        0.594205        0.503335        0.207353
        0.298937         25.7607        0.604888        0.521697        0.205113
        0.318831         27.1302         0.61545        0.540349        0.202707
        0.337811         28.5724        0.625884        0.559279        0.200145
        0.355915         30.0913        0.636181        0.578477        0.197439
        0.373179          31.691        0.646334        0.597934        0.194598
         0.38964         33.3757        0.656338         0.61764        0.191636
        0.405332           35.15        0.666184        0.637587        0.188562
        0.420287         37.0186        0.675869        0.657766        0.185387
        0.434539         38.9865        0.685387        0.678169        0.182124
        0.448117          41.059        0.694734         0.69879        0.178782
        0.461052         43.2418        0.703906        0.719623        0.175373
        0.473372         45.5405          0.7129        0.740661        0.171906
        0.485104         47.9615        0.721713        0.761901        0.168392
        0.496276         50.5111        0.730344        0.783338        0.164841
        0.506911         53.1963        0.738789         0.80497        0.161262
        0.517036         56.0242        0.747049        0.826794        0.157663
        0.526673         59.0025        0.755121        0.848809        0.154054
        0.535845         62.1391        0.763007        0.871013        0.150442
        0.544572         65.4425        0.770706        0.893408        0.146834
        0.552877         68.9214        0.778218        0.915992        0.143237
        0.560778         72.5853        0.785544        0.938768        0.139659
        0.568294          76.444        0.792686        0.961736        0.136103
        0.575444         80.5078        0.799644        0.984897        0.132577
        0.582244         84.7876         0.80642         1.00825        0.129085
        0.588712         89.2949        0.813017         1.03181        0.125631
        0.594862         94.0419        0.819435         1.05556         0.12222
        0.600711         99.0412        0.825678         1.07951        0.118854
        0.606272         104.306        0.831748         1.10367        0.115537
         0.61156         109.851        0.837648         1.12803        0.112272
        0.616587         115.691         0.84338         1.15259         0.10906
        0.621366         121.841        0.848946         1.17735        0.105903
        0.625909         128.318        0.854351         1.20232        0.102804
        0.630227          135.14        0.859597         1.22749       0.0997637
        0.634332         142.324        0.864687         1.25285       0.0967825
        0.638233          149.89        0.869624         1.27841       0.0938616
        0.641941         157.858        0.874411         1.30416       0.0910012
        0.645464          166.25        0.879052         1.33009       0.0882019
        0.648813         175.088        0.883549          1.3562       0.0854636
        0.651995         184.395        0.887906         1.38248       0.0827863
        0.655019         194.198        0.892126         1.40891       0.0801699
        0.657892         204.522        0.896212         1.43549       0.0776139
        0.660622         215.394        0.900167         1.46221        0.075118
        0.663216         226.844        0.903995         1.48905       0.0726817
        0.665681         238.904        0.907697           1.516       0.0703043
        0.668022         251.604        0.911279         1.54304       0.0679853
        0.670247         264.979        0.914741         1.57016       0.0657239
         0.67236         279.066        0.918088         1.59734       0.0635195
        0.674368         293.901        0.921322         1.62456       0.0613711
        0.676276         309.525        0.924446         1.65181       0.0592782
        0.678087         325.979        0.927464         1.67905       0.0572398
        0.679809         343.308        0.930377         1.70628       0.0552551
        0.681444         361.559        0.933189         1.73347       0.0533235
        0.682997         380.779        0.935902          1.7606       0.0514439
        0.684472         401.022        0.938519         1.78766       0.0496156
        0.685873          422.34        0.941042         1.81461       0.0478379
        0.687204         444.792        0.943475         1.84144       0.0461098
        0.688468         468.437         0.94582         1.86813       0.0444306
        0.689669          493.34        0.948079         1.89466       0.0427995
        0.690809         519.566        0.950254           1.921       0.0412157
        0.691892         547.186        0.952349         1.94714       0.0396783
        0.692921         576.275        0.954365         1.97306       0.0381866
        0.693898          606.91        0.956306         1.99874       0.0367397
        0.694826         639.174        0.958172         2.02416       0.0353369
        0.695707         673.152        0.959967         2.04931       0.0339774
        0.696544         708.937        0.961692         2.07417       0.0326604
        0.697339         746.625        0.963351         2.09872        0.031385
        0.698094         786.316        0.964944         2.12295       0.0301504
        0.698811         828.117        0.966475         2.14686       0.0289559
        0.699492          872.14        0.967945         2.17042       0.0278007
        0.700139         918.503        0.969355         2.19362       0.0266839
        0.700753         967.331        0.970709         2.21647       0.0256046
        0.701336         1018.75        0.972009         2.23894       0.0245622
         0.70189         1072.91        0.973255         2.26103       0.0235557
        0.702415         1129.95        0.974449         2.28274       0.0225843
        0.702915         1190.02        0.975595         2.30405       0.0216472
        0.703389         1253.28        0.976692         2.32498       0.0207436
         0.70384          1319.9        0.977744          2.3455       0.0198726
        0.704267         1390.07        0.978751         2.36563       0.0190334
        0.704673         1463.97        0.979716         2.38535       0.0182251
        0.705059         1541.79         0.98064         2.40467        0.017447
        0.705425         1623.75        0.981524          2.4236       0.0166982
        0.705773         1710.07         0.98237         2.44212       0.0159778
        0.706103         1800.98         0.98318         2.46025       0.0152852
        0.706417         1896.72        0.983954         2.47798       0.0146194
        0.706715         1997.55        0.984695         2.49532       0.0139796
        0.706998         2103.74        0.985403         2.51228       0.0133651
        0.707266         2215.58         0.98608         2.52886        0.012775
        0.707521         2333.36        0.986726         2.54506       0.0122086
        0.707763          2457.4        0.987345         2.56088       0.0116652
        0.707993         2588.04        0.987935         2.57635       0.0111439
        0.708212         2725.62        0.988499         2.59146        0.010644
        0.708419         2870.52        0.989038         2.60622       0.0101648
        0.708616         3023.11        0.989553         2.62063      0.00970554
        0.708803         3183.82        0.990044         2.63471      0.00926557
         0.70898         3353.08        0.990513         2.64847      0.00884418
        0.709149         3531.33         0.99096          2.6619      0.00844069
        0.709309         3719.06        0.991388         2.67502      0.00805445
        0.709461         3916.76        0.991795         2.68784      0.00768482
        0.709605         4124.98        0.992184         2.70036      0.00733117
        0.709742         4344.27        0.992555          2.7126      0.00699289
        0.709872         4575.21        0.992909         2.72455      0.00666939
        0.709996         4818.43        0.993246         2.73624       0.0063601
        0.710113         5074.58        0.993568         2.74767      0.00606445
        0.710225         5344.34        0.993874         2.75884      0.00578191
         0.71033         5628.45        0.994167         2.76977      0.00551195
        0.710431         5927.66        0.994446         2.78046      0.00525406
        0.710526         6242.78        0.994711         2.79093      0.00500774
        0.710617         6574.65        0.994965         2.80117      0.00477252
        0.710703         6924.16        0.995206          2.8112      0.00454794
        0.710785         7292.25        0.995436         2.82103      0.00433355
        0.710862         7679.91        0.995655         2.83066      0.00412893
        0.710936         8088.18        0.995864         2.84009      0.00393366
        0.711006         8518.15        0.996063         2.84935      0.00374734
