# Egdf
        -9.64502       0.0156105     0.000464139     0.000257937     0.000487421         -3.6289        0.424884       0.0555556    2.22507e-308    2.02825e-307
         -9.5471       0.0164409     0.000490091     0.000272264     0.000514341       -0.812033         3.95612        0.111111        0.184237      0.00915868
        -9.44921       0.0173154     0.000517476     0.000287367     0.000542702       -0.312527         9.08572        0.166667        0.243913      0.00130185
        -9.35135       0.0182364     0.000546369     0.000303285     0.000572575       -0.225306         11.2654        0.222222         1.15264      0.00337899
        -9.25353       0.0192065     0.000576851      0.00032006     0.000604035       -0.186607         12.5585        0.277778         1.26585      0.00273366
        -9.15574       0.0202281     0.000609007     0.000337737      0.00063716       -0.172221         13.1102        0.333333         1.59921      0.00305877
        -9.05798       0.0213041     0.000642924     0.000356359     0.000672033       -0.109691         16.1279        0.388889         1.26136      0.00133924
        -8.96027       0.0224373     0.000678695     0.000375975     0.000708737      -0.0878152         17.5067        0.444444         1.10993     0.000932043
         -8.8626       0.0236308     0.000716418     0.000396635     0.000747361     -0.00866164         25.0539             0.5         1.81141     0.000541044
        -8.76497       0.0248877     0.000756194      0.00041839     0.000787997       0.0200376         29.5421        0.555556         1.56196     0.000288899
        -8.66738       0.0262115     0.000798131     0.000441295      0.00083074       0.0214579         29.8042        0.611111         2.18043     0.000393038
        -8.56984       0.0276058     0.000842339     0.000465407     0.000875691       0.0794817         46.3446        0.666667         2.03379     0.000100529
        -8.47236       0.0290742     0.000888937     0.000490784     0.000922951        0.107787          63.023        0.722222         2.98976     5.96472e-05
        -8.37492       0.0306207     0.000938046     0.000517488     0.000972628         0.12265         77.5031        0.777778          4.3303     4.68173e-05
        -8.27754       0.0322495     0.000989794     0.000545583      0.00102483        0.136109         97.6753        0.833333         3.78921     2.06118e-05
        -8.18022       0.0339649      0.00104432     0.000575138      0.00107968        0.143386         113.569        0.888889         3.41387      1.1859e-05
        -8.08297       0.0357715      0.00110175     0.000606221       0.0011373        0.172243         314.756        0.944444         1.92547     3.19001e-07
        -7.98577       0.0376743      0.00116225     0.000638906       0.0011978
        -7.88865       0.0396782      0.00122596      0.00067327      0.00126131
        -7.79159       0.0417888      0.00129304     0.000709393      0.00132798
        -7.69461       0.0440116      0.00136366     0.000747357      0.00139793
        -7.59771       0.0463527      0.00143799     0.000787249      0.00147132
         -7.5009       0.0488183      0.00151622     0.000829162      0.00154828
        -7.40417        0.051415      0.00159854      0.00087319      0.00162898
        -7.30753       0.0541499      0.00168514     0.000919432      0.00171357
        -7.21099       0.0570302      0.00177622     0.000967994      0.00180223
        -7.11456       0.0600637      0.00187201      0.00101899      0.00189511
        -7.01823       0.0632586      0.00197273      0.00107252       0.0019924
        -6.92201       0.0666235      0.00207861      0.00112872       0.0020943
        -6.82591       0.0701673      0.00218989      0.00118771      0.00220098
        -6.72993       0.0738996      0.00230683      0.00124964      0.00231266
        -6.63409       0.0778305      0.00242969      0.00131463      0.00242955
        -6.53838       0.0819704      0.00255874      0.00138284      0.00255186
        -6.44281       0.0863306      0.00269429      0.00145443      0.00267984
         -6.3474       0.0909227      0.00283661      0.00152957      0.00281372
        -6.25215        0.095759      0.00298604      0.00160844      0.00295376
        -6.15706        0.100853      0.00314288      0.00169123      0.00310024
        -6.06214        0.106217       0.0033075      0.00177815      0.00325344
        -5.96741        0.111867      0.00348023      0.00186942      0.00341366
        -5.87287        0.117817      0.00366145      0.00196527      0.00358122
        -5.77854        0.124084      0.00385156      0.00206596      0.00375648
        -5.68441        0.130685      0.00405095      0.00217176      0.00393978
        -5.59051        0.137636      0.00426006      0.00228297      0.00413154
        -5.49684        0.144957      0.00447934      0.00239991      0.00433215
        -5.40341        0.152668      0.00470926      0.00252292      0.00454207
        -5.31024        0.160788       0.0049503      0.00265238      0.00476178
        -5.21733        0.169341        0.005203      0.00278869      0.00499178
         -5.1247        0.178349      0.00546789      0.00293229      0.00523265
        -5.03237        0.187835      0.00574556      0.00308367      0.00548496
        -4.94034        0.197827      0.00603662      0.00324334      0.00574937
        -4.84864        0.208349      0.00634171      0.00341188      0.00602656
        -4.75727        0.219432      0.00666151       0.0035899      0.00631727
        -4.66624        0.231104      0.00699675      0.00377807      0.00662232
        -4.57559        0.243397      0.00734818      0.00397714      0.00694255
        -4.48532        0.256343      0.00771663      0.00418791      0.00727889
        -4.39544        0.269979      0.00810294      0.00441124      0.00763235
        -4.30598        0.284339      0.00850804      0.00464809      0.00800399
        -4.21696        0.299464      0.00893289       0.0048995      0.00839497
        -4.12839        0.315393      0.00937854      0.00516661      0.00880652
        -4.04029        0.332169      0.00984608      0.00545065      0.00923997
        -3.95269        0.349838       0.0103367      0.00575297      0.00969673
         -3.8656        0.368446       0.0108516      0.00607503       0.0101783
        -3.77904        0.388045       0.0113921      0.00641845       0.0106863
        -3.69303        0.408686       0.0119597      0.00678495       0.0112225
         -3.6076        0.430424       0.0125559      0.00717644       0.0117887
        -3.52277        0.453319       0.0131822      0.00759499       0.0123869
        -3.43856        0.477432       0.0138404      0.00804286       0.0130191
          -3.355        0.502828       0.0145322      0.00852249       0.0136875
         -3.2721        0.529574       0.0152598      0.00903658       0.0143945
         -3.1899        0.557743        0.016025      0.00958801       0.0151425
        -3.10841        0.587411         0.01683         0.01018       0.0159342
        -3.02767        0.618656       0.0176773       0.0108159       0.0167722
        -2.94769        0.651563       0.0185693       0.0114996       0.0176595
         -2.8685        0.686221       0.0195087       0.0122351        0.018599
        -2.79014        0.722723       0.0204981        0.013027       0.0195941
        -2.71261        0.761166       0.0215406         0.01388        0.020648
        -2.63595        0.801653       0.0226394       0.0147994       0.0217642
        -2.56019        0.844295       0.0237977       0.0157911       0.0229465
        -2.48534        0.889204        0.025019       0.0168613       0.0241985
        -2.41144        0.936503       0.0263071       0.0180168       0.0255244
        -2.33851        0.986317        0.027666       0.0192651       0.0269282
        -2.26657         1.03878       0.0290997       0.0206143       0.0284143
        -2.19565         1.09404       0.0306126       0.0220733        0.029987
        -2.12576         1.15223       0.0322094       0.0236516       0.0316511
        -2.05695         1.21352       0.0338949       0.0253598       0.0334113
        -1.98921         1.27807       0.0356743       0.0272094       0.0352724
        -1.92259         1.34605       0.0375528       0.0292126       0.0372395
        -1.85709         1.41765       0.0395361       0.0313831       0.0393177
        -1.79274         1.49306       0.0416301       0.0337354       0.0415123
        -1.72955         1.57248        0.043841       0.0362857       0.0438285
        -1.66754         1.65612       0.0461752       0.0390512       0.0462719
        -1.60674         1.74421       0.0486394       0.0420508       0.0488477
        -1.54715         1.83699       0.0512407       0.0453049       0.0515614
        -1.48878          1.9347       0.0539862       0.0488356       0.0544184
        -1.43165         2.03761       0.0568837       0.0526669       0.0574241
        -1.37577           2.146        0.059941       0.0568246       0.0605835
        -1.32114         2.26015        0.063166       0.0613368       0.0639019
        -1.26778         2.38037       0.0665673       0.0662334       0.0673838
        -1.21569         2.50698       0.0701533       0.0715471       0.0710339
        -1.16488         2.64033        0.073933       0.0773126       0.0748563
        -1.11534         2.78078       0.0779153       0.0835674       0.0788548
        -1.06707         2.92869       0.0821094       0.0903514       0.0830323
        -1.02008         3.08448       0.0865248       0.0977073       0.0873916
       -0.974364         3.24854       0.0911708        0.105681       0.0919344
       -0.929912         3.42134        0.096057         0.11432       0.0966617
       -0.886721         3.60333        0.101193        0.123676        0.101574
       -0.844782           3.795        0.106588        0.133804        0.106669
       -0.804086         3.99686        0.112253        0.144759        0.111946
       -0.764622         4.20946        0.118195        0.156602          0.1174
       -0.726378         4.43337        0.124424        0.169395        0.123028
       -0.689338         4.66919         0.13095        0.183203        0.128823
       -0.653488         4.91755        0.137779        0.198093        0.134776
       -0.618811         5.17912        0.144922        0.214133        0.140879
        -0.58529         5.45461        0.152384        0.231395        0.147119
       -0.552905         5.74475        0.160173         0.24995        0.153483
       -0.521636         6.05032        0.168295        0.269871        0.159956
       -0.491462         6.37215        0.176754        0.291231        0.166521
       -0.462363          6.7111        0.185556        0.314101        0.173158
       -0.434314         7.06807        0.194703        0.338553        0.179847
       -0.407293         7.44404        0.204198        0.364657        0.186563
       -0.381277            7.84         0.21404        0.392478        0.193283
        -0.35624         8.25702        0.224231        0.422079         0.19998
       -0.332159         8.69623        0.234768        0.453519        0.206626
       -0.309008          9.1588        0.245647        0.486851         0.21319
       -0.286762         9.64597        0.256863        0.522121        0.219643
       -0.265396         10.1591         0.26841        0.559367        0.225953
       -0.244885         10.6994         0.28028         0.59862        0.232088
       -0.225202         11.2686        0.292463        0.639901        0.238015
       -0.206323          11.868        0.304947         0.68322        0.243702
       -0.188222         12.4992        0.317718        0.728578        0.249117
       -0.170874         13.1641        0.330762        0.775961        0.254228
       -0.154254         13.8643        0.344063        0.825346        0.259006
       -0.138339         14.6018        0.357602        0.876695        0.263422
       -0.123102         15.3785         0.37136        0.929958        0.267449
       -0.108522         16.1965        0.385317        0.985071        0.271062
       -0.094573          17.058        0.399449         1.04196         0.27424
      -0.0812334         17.9654        0.413734         1.10053        0.276964
      -0.0684803          18.921        0.428148         1.16068        0.279216
      -0.0562916         19.9274        0.442667          1.2223        0.280985
      -0.0446456         20.9874        0.457264         1.28526        0.282262
      -0.0335215         22.1037        0.471915         1.34943        0.283039
      -0.0228985         23.2795        0.486592         1.41467        0.283316
      -0.0127568         24.5178        0.501272         1.48083        0.283093
       -0.003077         25.8219        0.515927         1.54774        0.282376
      0.00615979         27.1954        0.530532         1.61526        0.281173
       0.0149718          28.642        0.545062         1.68321        0.279496
       0.0233768         30.1655        0.559494         1.75143        0.277359
       0.0313918         31.7701        0.573803         1.81975        0.274782
       0.0390334           33.46        0.587968         1.88802        0.271782
       0.0463176         35.2398        0.601967         1.95608        0.268385
       0.0532599         37.1142         0.61578         2.02377        0.264612
       0.0598751         39.0884        0.629388         2.09093        0.260492
       0.0661776         41.1676        0.642774         2.15744         0.25605
       0.0721812         43.3574        0.655923         2.22314        0.251315
       0.0778991         45.6636        0.668819         2.28793        0.246316
       0.0833443         48.0926         0.68145         2.35167        0.241081
       0.0885289         50.6507        0.693804         2.41425        0.235639
       0.0934648         53.3449        0.705871         2.47558        0.230018
       0.0981633         56.1824        0.717642         2.53557        0.224247
        0.102635         59.1709        0.729112         2.59412        0.218351
        0.106891         62.3183        0.740273         2.65117        0.212358
        0.110941         65.6331        0.751122         2.70665        0.206291
        0.114794         69.1243        0.761654          2.7605        0.200174
         0.11846         72.8011        0.771869         2.81266         0.19403
        0.121947         76.6735        0.781766          2.8631        0.187878
        0.125264         80.7519        0.791343         2.91177        0.181739
        0.128419         85.0473        0.800604         2.95864        0.175629
         0.13142         89.5711        0.809548          3.0037        0.169566
        0.134273         94.3355         0.81818         3.04691        0.163564
        0.136986         99.3534        0.826503         3.08827        0.157636
        0.139566         104.638        0.834521         3.12777        0.151795
        0.142019         110.204        0.842238         3.16539         0.14605
         0.14435         116.066        0.849661         3.20115        0.140413
        0.146567          122.24        0.856794         3.23504         0.13489
        0.148674         128.742        0.863644         3.26707        0.129489
        0.150677          135.59        0.870218         3.29726        0.124216
         0.15258         142.802        0.876522         3.32561        0.119076
         0.15439         150.398        0.882563         3.35216        0.114073
        0.156109         158.398        0.888348         3.37692         0.10921
        0.157743         166.824        0.893885         3.39992        0.104491
        0.159296         175.697        0.899181         3.42119       0.0999155
        0.160772         185.043        0.904244         3.44076        0.095486
        0.162174         194.886        0.909081         3.45867       0.0912026
        0.163506         205.252        0.913699         3.47495        0.087065
        0.164772          216.17        0.918108         3.48965       0.0830726
        0.165974         227.668        0.922313         3.50279       0.0792243
        0.167117         239.778        0.926322         3.51443       0.0755184
        0.168203         252.533        0.930142         3.52461       0.0719531
        0.169234         265.965        0.933782         3.53338       0.0685261
        0.170214         280.113        0.937248         3.54077       0.0652349
        0.171144         295.012        0.940546         3.54683       0.0620766
        0.172029         310.705        0.943684          3.5516       0.0590482
        0.172869         327.231        0.946669         3.55514       0.0561466
        0.173666         344.638        0.949506         3.55748       0.0533684
        0.174424         362.969        0.952202         3.55867       0.0507101
        0.175144         382.276        0.954764         3.55874       0.0481682
        0.175828          402.61        0.957197         3.55774       0.0457391
        0.176477         424.026        0.959507         3.55572       0.0434191
        0.177094         446.581        0.961699          3.5527       0.0412046
         0.17768         470.335         0.96378         3.54872       0.0390918
        0.178236         495.353        0.965753         3.54382        0.037077
        0.178765         521.702        0.967624         3.53803       0.0351567
        0.179267         549.452        0.969398         3.53139       0.0333273
        0.179743         578.679         0.97108         3.52393       0.0315851
        0.180196          609.46        0.972674         3.51567       0.0299268
        0.180626         641.878        0.974183         3.50665       0.0283488
        0.181034          676.02        0.975613         3.49689       0.0268479
        0.181422         711.979        0.976968         3.48642       0.0254208
         0.18179         749.851         0.97825         3.47527       0.0240644
         0.18214         789.737        0.979463         3.46346       0.0227755
        0.182472         831.744        0.980611         3.45102       0.0215513
        0.182788         875.986        0.981698         3.43796       0.0203888
        0.183087         922.582        0.982726         3.42431       0.0192853
        0.183372         971.655        0.983698          3.4101        0.018238
        0.183642         1023.34        0.984617         3.39535       0.0172444
        0.183898         1077.77        0.985486         3.38007        0.016302
        0.184142          1135.1        0.986308         3.36429       0.0154084
        0.184373         1195.48        0.987084         3.34803       0.0145612
        0.184593         1259.07        0.987818         3.33132       0.0137584
        0.184802         1326.04        0.988511         3.31416       0.0129977
           0.185         1396.58        0.989166         3.29659       0.0122771
        0.185188         1470.86        0.989784         3.27862       0.0115946
        0.185366          1549.1        0.990368         3.26028       0.0109484
        0.185536          1631.5        0.990919         3.24157       0.0103368
        0.185697         1718.28         0.99144         3.22254       0.0097579
         0.18585         1809.68        0.991931         3.20318      0.00921016
        0.185995         1905.94        0.992395         3.18352      0.00869201
        0.186133         2007.32        0.992833         3.16359      0.00820193
        0.186264          2114.1        0.993246          3.1434      0.00773852
        0.186388         2226.55        0.993635         3.12296      0.00730039
        0.186507         2344.98        0.994003         3.10231      0.00688626
        0.186619         2469.72        0.994349         3.08145      0.00649489
        0.186725         2601.08        0.994676          3.0604      0.00612508
        0.186826         2739.44        0.994985         3.03918      0.00577572
        0.186922         2885.16        0.995275         3.01781      0.00544573
        0.187013         3038.62        0.995549         2.99631      0.00513409
          0.1871         3200.25        0.995808         2.97468      0.00483983
        0.187182         3370.48        0.996051         2.95296      0.00456203
         0.18726         3549.76        0.996281         2.93114      0.00429979
        0.187334         3738.58        0.996497         2.90925       0.0040523
        0.187405         3937.44        0.996701          2.8873      0.00381874
        0.187471         4146.88        0.996893          2.8653      0.00359838
        0.187535         4367.46        0.997074         2.84327      0.00339049
        0.187595         4599.78        0.997245         2.82122      0.00319439
        0.187652         4844.45        0.997406         2.79917      0.00300943
        0.187706         5102.13        0.997557         2.77712      0.00283501
        0.187758         5373.53          0.9977         2.75508      0.00267054
        0.187807         5659.35        0.997834         2.73307      0.00251547
        0.187853         5960.38        0.997961          2.7111      0.00236928
        0.187898         6277.43         0.99808         2.68917      0.00223148
        0.187939         6611.34        0.998192          2.6673      0.00210159
        0.187979         6963.01        0.998298         2.64549      0.00197918
        0.188017         7333.38        0.998397         2.62376      0.00186382
        0.188053         7723.46        0.998491         2.60211      0.00175511
        0.188087         8134.28        0.998579         2.58054      0.00165269
        0.188119         8566.96        0.998662         2.55907      0.00155619
