# Egdf
        -31.2906       0.0430046     0.000452382     8.68232e-05     0.000673606        -14.2764        0.421018       0.0384615       0.0143331         0.55627
         -31.013       0.0445714     0.000477134     9.15675e-05     0.000710038         -9.9247        0.819036       0.0769231       0.0067518       0.0618594
        -30.7356       0.0461953     0.000503224     9.65653e-05     0.000748382        -5.51784         1.81642        0.115385       0.0195386       0.0287229
        -30.4584       0.0478784     0.000530722      0.00010183     0.000788733        -5.00707         2.02266        0.153846       0.0223523       0.0253931
        -30.1813       0.0496228     0.000559701     0.000107374     0.000831188        -3.02502          3.2467        0.192308        0.040341       0.0142532
        -29.9043       0.0514308     0.000590238     0.000113212     0.000875849        -1.98267         4.40015        0.230769       0.0570592       0.0092452
        -29.6275       0.0533046     0.000622415     0.000119359     0.000922822        -1.40903         5.34229        0.269231       0.0997821      0.00971641
         -29.351       0.0552468     0.000656316      0.00012583     0.000972218        -1.23474         5.69556        0.307692        0.124158       0.0102004
        -29.0745       0.0572596     0.000692029     0.000132641      0.00102415       -0.748115           6.921        0.346154        0.255496       0.0124443
        -28.7983       0.0593458     0.000729649      0.00013981      0.00107874       -0.669368         7.16152        0.384615        0.250724       0.0111331
        -28.5223       0.0615081     0.000769271     0.000147353      0.00113612       -0.638259          7.2605        0.423077        0.380546       0.0162802
        -28.2465       0.0637491     0.000810998     0.000155288       0.0011964       -0.462633         7.86632        0.461538        0.307351       0.0105721
        -27.9709       0.0660717     0.000854936     0.000163635      0.00125973       -0.330871          8.3808             0.5        0.248807      0.00719642
        -27.6955        0.068479     0.000901198     0.000172414      0.00132624       -0.209161         8.91053        0.538462         0.19632      0.00479818
        -27.4203        0.070974     0.000949898     0.000181644      0.00139608        0.082253         10.4513        0.576923       0.0608736     0.000956778
        -27.1454       0.0735598      0.00100116     0.000191348      0.00146939        0.457217         13.2848        0.615385        0.344749      0.00276707
        -26.8707       0.0762399      0.00105511     0.000201548      0.00154633         0.48386          13.539        0.653846         0.41419      0.00315129
        -26.5963       0.0790177      0.00111188     0.000212268      0.00162706        0.537439          14.078        0.692308        0.616245      0.00419889
        -26.3221       0.0818966      0.00117161      0.00022353      0.00171175        0.653589         15.3922        0.730769        0.186878     0.000988713
        -26.0482       0.0848805      0.00123444     0.000235361      0.00180055        0.672844         15.6321        0.769231        0.359022      0.00181782
        -25.7746        0.087973      0.00130053     0.000247787      0.00189366         1.02791         21.7294        0.807692        0.154072     0.000303839
        -25.5012       0.0911783      0.00137003     0.000260835      0.00199125         1.05981         22.4985        0.846154        0.140128     0.000249968
        -25.2282       0.0945003       0.0014431     0.000274533      0.00209351         1.30042          30.504        0.884615        0.311492     0.000229864
        -24.9555       0.0979433      0.00151993      0.00028891      0.00220063          1.4358         37.9154        0.923077        0.512861     0.000200501
         -24.683        0.101512      0.00160067     0.000303998      0.00231281         1.46982         40.3529        0.961538        0.575349     0.000187391
        -24.4109         0.10521      0.00168552     0.000319827      0.00243027
        -24.1392        0.109044      0.00177467     0.000336431       0.0025532
        -23.8678        0.113016      0.00186833     0.000353845      0.00268183
        -23.5967        0.117134      0.00196669     0.000372104      0.00281639
        -23.3261        0.121402      0.00206998     0.000391246       0.0029571
        -23.0558        0.125825      0.00217841     0.000411308      0.00310422
        -22.7859        0.130409      0.00229223     0.000432333      0.00325799
        -22.5164        0.135161      0.00241168     0.000454362      0.00341866
        -22.2474        0.140085        0.002537     0.000477439       0.0035865
        -21.9788        0.145189      0.00266846     0.000501611       0.0037618
        -21.7106        0.150479      0.00280633     0.000526925      0.00394482
         -21.443        0.155962       0.0029509     0.000553433      0.00413588
        -21.1758        0.161644      0.00310245     0.000581188      0.00433527
        -20.9091        0.167533      0.00326129     0.000610246      0.00454333
        -20.6429        0.173637      0.00342773     0.000640666      0.00476038
        -20.3773        0.179964      0.00360211     0.000672509      0.00498677
        -20.1122         0.18652      0.00378476     0.000705841      0.00522287
        -19.8477        0.193316      0.00397604     0.000740733      0.00546907
        -19.5838        0.200359      0.00417632     0.000777256      0.00572576
        -19.3204        0.207659      0.00438598      0.00081549      0.00599337
        -19.0578        0.215225      0.00460542     0.000855518      0.00627235
        -18.7957        0.223067      0.00483505     0.000897426      0.00656317
        -18.5343        0.231194      0.00507531      0.00094131      0.00686632
        -18.2736        0.239618      0.00532664      0.00098727      0.00718234
        -18.0136        0.248348      0.00558953      0.00103541      0.00751179
        -17.7544        0.257396      0.00586445      0.00108585      0.00785527
        -17.4959        0.266774      0.00615192      0.00113872       0.0082134
        -17.2382        0.276494      0.00645248      0.00119413      0.00858686
        -16.9812        0.286568      0.00676669      0.00125224      0.00897637
        -16.7251        0.297009      0.00709514      0.00131319      0.00938271
        -16.4699         0.30783      0.00743845      0.00137716      0.00980667
        -16.2155        0.319045      0.00779725       0.0014443       0.0102491
         -15.962         0.33067      0.00817224      0.00151482       0.0107111
        -15.7094        0.342717      0.00856411      0.00158891       0.0111934
        -15.4578        0.355204      0.00897363       0.0016668       0.0116972
        -15.2071        0.368146      0.00940158      0.00174871       0.0122237
        -14.9575        0.381559       0.0098488       0.0018349        0.012774
        -14.7089         0.39546       0.0103161      0.00192564       0.0133494
        -14.4613        0.409869       0.0108046      0.00202122       0.0139513
        -14.2149        0.424802        0.011315      0.00212196       0.0145811
        -13.9695        0.440279       0.0118485      0.00222819       0.0152405
        -13.7253        0.456321       0.0124062      0.00234028        0.015931
        -13.4823        0.472946       0.0129891      0.00245861       0.0166544
        -13.2405        0.490178       0.0135986      0.00258362       0.0174125
        -12.9999        0.508037       0.0142358      0.00271573       0.0182075
        -12.7607        0.526547       0.0149022      0.00285546       0.0190413
        -12.5227        0.545731       0.0155991       0.0030033       0.0199161
         -12.286        0.565615       0.0163282      0.00315983       0.0208344
        -12.0508        0.586222       0.0170909      0.00332565       0.0217987
        -11.8169        0.607581       0.0178889       0.0035014       0.0228115
        -11.5845        0.629718       0.0187242      0.00368778       0.0238757
        -11.3536        0.652661       0.0195984      0.00388553       0.0249942
        -11.1241         0.67644       0.0205137      0.00409545       0.0261701
        -10.8962        0.701086       0.0214722      0.00431841       0.0274067
        -10.6699        0.726629       0.0224761      0.00455532       0.0287075
        -10.4452        0.753103       0.0235277      0.00480719       0.0300761
        -10.2221        0.780542       0.0246295      0.00507507       0.0315163
        -10.0007        0.808981       0.0257843      0.00536011       0.0330321
        -9.78105        0.838455       0.0269947      0.00566353       0.0346279
        -9.56313        0.869004       0.0282637      0.00598666       0.0363081
        -9.34699        0.900665       0.0295944      0.00633091       0.0380772
        -9.13267         0.93348       0.0309901       0.0066978       0.0399403
         -8.9202        0.967491       0.0324542      0.00708895       0.0419025
        -8.70962         1.00274       0.0339904      0.00750613       0.0439692
        -8.50096         1.03927       0.0356025       0.0079512        0.046146
        -8.29425         1.07714       0.0372946      0.00842618       0.0484387
        -8.08953         1.11638       0.0390708      0.00893324       0.0508536
        -7.88682         1.15706       0.0409358      0.00947468       0.0533971
        -7.68617         1.19922       0.0428942        0.010053       0.0560757
         -7.4876         1.24291        0.044951       0.0106708       0.0588965
        -7.29115         1.28819       0.0471113        0.011331       0.0618666
        -7.09683         1.33513       0.0493808       0.0120367       0.0649934
        -6.90469         1.38377        0.051765       0.0127909       0.0682846
        -6.71475         1.43419       0.0542701       0.0135974       0.0717482
        -6.52704         1.48644       0.0569024       0.0144596        0.075392
        -6.34158          1.5406       0.0596684       0.0153816       0.0792245
        -6.15841         1.59673        0.062575       0.0163676        0.083254
        -5.97754         1.65491       0.0656295        0.017422        0.087489
          -5.799          1.7152       0.0688394       0.0185495       0.0919379
        -5.62281         1.77769       0.0722124       0.0197551       0.0966093
        -5.44899         1.84246       0.0757567       0.0210441        0.101512
        -5.27756         1.90959       0.0794807       0.0224219        0.106653
        -5.10855         1.97916        0.083393       0.0238944        0.112041
        -4.94197         2.05127       0.0875028       0.0254677        0.117685
        -4.77783         2.12601       0.0918191       0.0271481        0.123589
        -4.61614         2.20347       0.0963516       0.0289421        0.129762
        -4.45693         2.28375         0.10111       0.0308565        0.136209
        -4.30021         2.36696        0.106104       0.0328983        0.142934
        -4.14597          2.4532        0.111343       0.0350747        0.149942
        -3.99424         2.54258        0.116839       0.0373928        0.157234
        -3.84502         2.63521          0.1226       0.0398601        0.164811
        -3.69831         2.73123        0.128638       0.0424838        0.172672
        -3.55412         2.83074        0.134962       0.0452712        0.180814
        -3.41245         2.93387        0.141583       0.0482294        0.189232
         -3.2733         3.04077        0.148509       0.0513652        0.197918
        -3.13667         3.15155        0.155751       0.0546854        0.206863
        -3.00256         3.26638        0.163318       0.0581958        0.216053
        -2.87096         3.38539        0.171217       0.0619021        0.225471
        -2.74186         3.50873        0.179458       0.0658091        0.235099
        -2.61526         3.63657        0.188046       0.0699207        0.244914
        -2.49116         3.76906        0.196989         0.07424        0.254888
        -2.36953         3.90639        0.206291       0.0787686        0.264991
        -2.25037         4.04871        0.215956       0.0835071         0.27519
        -2.13367         4.19622        0.225987       0.0884546        0.285447
         -2.0194         4.34911        0.236386       0.0936085        0.295721
        -1.90755         4.50757        0.247153       0.0989645        0.305967
        -1.79811          4.6718        0.258284        0.104516        0.316136
        -1.69106         4.84201        0.269778        0.110256        0.326178
        -1.58637         5.01842        0.281627        0.116173         0.33604
        -1.48402         5.20127        0.293826        0.122255        0.345665
        -1.38399         5.39077        0.306364        0.128487        0.354998
        -1.28627         5.58718         0.31923        0.134853        0.363979
        -1.19081         5.79074         0.33241        0.141334        0.372551
        -1.09759         6.00173        0.345889        0.147908        0.380656
         -1.0066         6.22039        0.359648        0.154555        0.388239
       -0.917795         6.44703        0.373669        0.161247        0.395246
       -0.831153         6.68192        0.387929        0.167961        0.401625
       -0.746643         6.92537        0.402406        0.174669        0.407331
       -0.664235         7.17769        0.417075        0.181342        0.412321
       -0.583897         7.43921        0.431908        0.187953        0.416557
       -0.505599         7.71025        0.446879        0.194471        0.420008
       -0.429308         7.99117        0.461959        0.200868         0.42265
       -0.354991         8.28232        0.477119        0.207116        0.424464
       -0.282616         8.58408        0.492329        0.213186        0.425439
       -0.212149         8.89683        0.507559        0.219053        0.425571
       -0.143555         9.22098        0.522778        0.224689        0.424862
       -0.076802         9.55694        0.537958        0.230073        0.423322
      -0.0118543         9.90514        0.553067        0.235181        0.420967
       0.0513223          10.266        0.568078        0.239993         0.41782
        0.112762         10.6401        0.582962        0.244494        0.413909
        0.172501         11.0277        0.597693        0.248666        0.409267
        0.230572         11.4295        0.612246        0.252497        0.403933
         0.28701         11.8459        0.626596        0.255978        0.397948
        0.341851         12.2775        0.640721          0.2591        0.391358
        0.395128         12.7249          0.6546        0.261858        0.384211
        0.446877         13.1885        0.668214        0.264249        0.376557
        0.497131          13.669        0.681546        0.266273        0.368447
        0.545924          14.167         0.69458        0.267932        0.359933
        0.593291         14.6832        0.707303        0.269229        0.351068
        0.639264         15.2181        0.719703        0.270171        0.341902
        0.683877         15.7726         0.73177        0.270765        0.332487
        0.727163         16.3473        0.743497        0.271021        0.322872
        0.769153         16.9429        0.754877        0.270949        0.313105
        0.809881         17.5602        0.765906        0.270562        0.303231
        0.849378            18.2         0.77658        0.269873        0.293295
        0.887676         18.8631        0.786897        0.268897        0.283335
        0.924804         19.5503        0.796859        0.267648        0.273392
        0.960794         20.2626        0.806465        0.266142        0.263499
        0.995676         21.0009        0.815719        0.264395        0.253689
         1.02948          21.766        0.824624        0.262423         0.24399
         1.06223         22.5591        0.833184        0.260243         0.23443
         1.09396          23.381        0.841404         0.25787        0.225032
          1.1247         24.2328        0.849292         0.25532        0.215815
         1.15447         25.1158        0.856853        0.252609        0.206798
          1.1833         26.0308        0.864095        0.249751        0.197995
         1.21122         26.9792        0.871027        0.246762        0.189419
         1.23825         27.9622        0.877655        0.243655        0.181079
         1.26442          28.981         0.88399        0.240443        0.172984
         1.28975         30.0369        0.890039        0.237138         0.16514
         1.31427         31.1313        0.895813        0.233753         0.15755
           1.338         32.2655        0.901319        0.230298        0.150217
         1.36096         33.4411        0.906567        0.226784        0.143142
         1.38318         34.6595        0.911567        0.223219        0.136323
         1.40468         35.9223        0.916327        0.219613         0.12976
         1.42547         37.2311        0.920857        0.215974        0.123449
         1.44559         38.5875        0.925166        0.212308        0.117388
         1.46505         39.9935        0.929262        0.208624        0.111571
         1.48388         41.4506        0.933154        0.204926        0.105994
         1.50208         42.9608        0.936851         0.20122        0.100651
         1.51968         44.5261         0.94036        0.197511       0.0955362
         1.53671         46.1483        0.943691        0.193805       0.0906438
         1.55317         47.8297        0.946851        0.190105       0.0859671
         1.56908         49.5723        0.949846        0.186414       0.0814995
         1.58446         51.3785        0.952686        0.182738       0.0772344
         1.59933         53.2504        0.955377        0.179078       0.0731649
         1.61371         55.1905        0.957925        0.175437       0.0692842
          1.6276         57.2014        0.960338        0.171819       0.0655857
         1.64103         59.2855        0.962621        0.168226       0.0620626
         1.65401         61.4455        0.964782         0.16466       0.0587083
         1.66656         63.6842        0.966825        0.161124       0.0555163
         1.67868         66.0045        0.968757        0.157619       0.0524802
         1.69039         68.4093        0.970583        0.154147       0.0495937
         1.70171         70.9017        0.972308         0.15071       0.0468508
         1.71265          73.485        0.973938        0.147311       0.0442455
         1.72321         76.1624        0.975477        0.143949       0.0417721
         1.73342         78.9373        0.976929        0.140628       0.0394248
         1.74328         81.8133          0.9783        0.137348       0.0371982
         1.75281         84.7941        0.979593         0.13411        0.035087
         1.76201         87.8835        0.980812        0.130917       0.0330861
          1.7709         91.0855        0.981962        0.127769       0.0311906
         1.77949         94.4041        0.983046        0.124667       0.0293956
         1.78778         97.8437        0.984067        0.121612       0.0276964
         1.79579         101.409        0.985029        0.118606       0.0260887
         1.80352         105.103        0.985935        0.115648        0.024568
           1.811         108.933        0.986789         0.11274       0.0231303
         1.81821         112.901        0.987592        0.109883       0.0217715
         1.82518         117.015        0.988348        0.107077       0.0204878
         1.83191         121.278        0.989059        0.104322       0.0192755
         1.83841         125.697        0.989728        0.101619       0.0181309
         1.84468         130.277        0.990357       0.0989678       0.0170508
         1.85074         135.023        0.990949       0.0963693       0.0160318
         1.85659         139.943        0.991506       0.0938233       0.0150708
         1.86224         145.041        0.992029         0.09133       0.0141647
         1.86769         150.326         0.99252       0.0888892       0.0133107
         1.87296         155.803        0.992982       0.0865009       0.0125061
         1.87804         161.479        0.993416       0.0841649       0.0117482
         1.88295         167.363        0.993823        0.081881       0.0110345
         1.88769         173.461        0.994206       0.0796489       0.0103626
         1.89227          179.78        0.994565       0.0774682      0.00973023
         1.89668         186.331        0.994903       0.0753385      0.00913521
         1.90095         193.119         0.99522       0.0732593      0.00857547
         1.90506         200.156        0.995517       0.0712301      0.00804904
         1.90903         207.448        0.995796       0.0692503      0.00755405
         1.91287         215.006        0.996058       0.0673193      0.00708872
         1.91657          222.84        0.996304       0.0654365      0.00665136
         1.92015         230.959        0.996534       0.0636012      0.00624038
          1.9236         239.374        0.996751       0.0618126      0.00585425
         1.92693         248.095        0.996954       0.0600699      0.00549153
         1.93014         257.134        0.997144       0.0583725      0.00515087
         1.93324         266.503        0.997323       0.0567196      0.00483097
         1.93624         276.213         0.99749       0.0551102      0.00453061
         1.93913         286.276        0.997647       0.0535437      0.00424865
         1.94192         296.706        0.997794       0.0520191      0.00398398
         1.94461         307.517        0.997932       0.0505356      0.00373559
         1.94721         318.721        0.998062       0.0490924      0.00350249
         1.94972         330.333        0.998183       0.0476886      0.00328378
         1.95214         342.369        0.998297       0.0463233      0.00307858
         1.95448         354.843        0.998404       0.0449957      0.00288609
         1.95673         367.771        0.998504       0.0437049      0.00270553
         1.95891          381.17        0.998597       0.0424501      0.00253617
         1.96101         395.058        0.998685       0.0412305      0.00237734
