# Egdf
        -35.7751       0.0235678     0.000884959     0.000140204      0.00108691        -14.2244        0.424143       0.0384615       0.0321389         1.21154
        -35.4237       0.0246608     0.000935618     0.000148202      0.00114847        -12.3994        0.558095       0.0769231       0.0179605        0.375326
        -35.0725       0.0258046     0.000989145     0.000156648      0.00121342        -9.85803        0.837151        0.115385      0.00749857       0.0642601
        -34.7214       0.0270014       0.0010457     0.000165565      0.00128195        -4.95057         2.12948        0.153846       0.0178723       0.0174308
        -34.3704       0.0282537      0.00110544     0.000174977      0.00135423        -3.62048         2.94352        0.192308       0.0315834        0.013826
        -34.0196       0.0295641      0.00116855     0.000184912      0.00143045        -1.96092         4.85911        0.230769       0.0889754       0.0107058
         -33.669       0.0309353      0.00123521     0.000195396      0.00151082        -1.72605         5.28995        0.269231        0.088256      0.00848113
        -33.3185       0.0323701       0.0013056     0.000206459      0.00159555        -1.39116         6.02437        0.307692        0.149658       0.0101633
        -32.9682       0.0338714      0.00137995      0.00021813      0.00168485        -1.32783         6.18258        0.346154       0.0614913      0.00389483
        -32.6182       0.0354423      0.00145845     0.000230442      0.00177895       -0.731806          8.1033        0.384615          0.2903      0.00881355
        -32.2683       0.0370861      0.00154133     0.000243426      0.00187809       -0.618895         8.58611        0.423077        0.332952      0.00862093
        -31.9186       0.0388062      0.00162882     0.000257117      0.00198251       -0.583774         8.74668        0.461538        0.327125      0.00804817
        -31.5691        0.040606      0.00172117     0.000271551      0.00209247       -0.478368         9.26187             0.5        0.247343      0.00519482
        -31.2199       0.0424893      0.00181864     0.000286766      0.00220824       -0.141982          11.333        0.538462        0.168996      0.00202253
        -30.8709         0.04446      0.00192149       0.0003028      0.00233008       0.0328862         12.7696        0.576923        0.187249      0.00160197
        -30.5222        0.046522      0.00203001     0.000319694      0.00245829        0.127057          13.688        0.615385        0.181521      0.00127614
        -30.1737       0.0486797      0.00214449     0.000337491      0.00259316        0.472323         18.4082        0.653846        0.395197      0.00119385
        -29.8255       0.0509374      0.00226524     0.000356234      0.00273499        0.516784         19.2416        0.692308        0.396986      0.00105608
        -29.4776       0.0532999      0.00239259      0.00037597      0.00288411        0.595867         20.9122        0.730769        0.390171     0.000816754
        -29.1299       0.0557719      0.00252686     0.000396747      0.00304083        0.644088         22.0712        0.769231        0.394005     0.000705888
        -28.7826       0.0583586      0.00266843     0.000418613       0.0032055        0.943977         33.2954        0.807692        0.112353      6.0926e-05
        -28.4356       0.0610653      0.00281764     0.000441622      0.00337846         1.08043         42.9625        0.846154        0.272944     7.01061e-05
         -28.089       0.0638975      0.00297489     0.000465826      0.00356007         1.24295         65.0229        0.884615        0.345814     2.61589e-05
        -27.7427        0.066861      0.00314058     0.000491281       0.0037507         1.25717         68.0455        0.923077        0.353284     2.33611e-05
        -27.3967        0.069962      0.00331512     0.000518046      0.00395073         1.41323         137.373        0.961538        0.446852     3.66351e-06
        -27.0512       0.0732068      0.00349895      0.00054618      0.00416054
         -26.706       0.0766021      0.00369252     0.000575746      0.00438054
        -26.3613       0.0801549       0.0038963     0.000606808      0.00461113
         -26.017       0.0838725      0.00411079     0.000639434      0.00485274
        -25.6732       0.0877625      0.00433649     0.000673694       0.0051058
        -25.3298       0.0918329      0.00457393      0.00070966      0.00537074
         -24.987        0.096092      0.00482365     0.000747408      0.00564803
        -24.6446        0.100549      0.00508624     0.000787016      0.00593812
        -24.3028        0.105212      0.00536228     0.000828565      0.00624149
        -23.9616        0.110092      0.00565238     0.000872141      0.00655863
         -23.621        0.115198      0.00595718     0.000917832      0.00689003
         -23.281        0.120541      0.00627734     0.000965731      0.00723622
        -22.9416        0.126131      0.00661354      0.00101593      0.00759771
        -22.6029        0.131981      0.00696649      0.00106854      0.00797506
        -22.2649        0.138103      0.00733691      0.00112366      0.00836882
        -21.9276        0.144508      0.00772557       0.0011814      0.00877957
         -21.591         0.15121      0.00813324      0.00124189       0.0092079
        -21.2553        0.158223      0.00856075      0.00130524      0.00965445
        -20.9204        0.165561      0.00900892      0.00137158       0.0101199
        -20.5863         0.17324      0.00947864      0.00144106       0.0106048
        -20.2531        0.181275      0.00997079      0.00151383         0.01111
        -19.9209        0.189682       0.0104863      0.00159003       0.0116362
        -19.5896         0.19848       0.0110262      0.00166985       0.0121841
        -19.2593        0.207685       0.0115914      0.00175346       0.0127547
          -18.93        0.217318       0.0121831      0.00184106       0.0133487
        -18.6019        0.227397       0.0128022      0.00193284       0.0139671
        -18.2748        0.237943       0.0134499      0.00202905        0.014611
         -17.949        0.248979       0.0141274      0.00212992       0.0152813
        -17.6243        0.260527       0.0148359      0.00223571       0.0159793
        -17.3009         0.27261       0.0155767      0.00234671       0.0167061
        -16.9788        0.285254       0.0163511      0.00246323       0.0174631
        -16.6581        0.298484       0.0171606      0.00258559       0.0182517
        -16.3388        0.312327       0.0180066      0.00271417       0.0190733
        -16.0209        0.326813       0.0188906      0.00284934       0.0199297
        -15.7046         0.34197       0.0198142      0.00299156       0.0208226
        -15.3898        0.357831       0.0207792      0.00314126       0.0217538
        -15.0767        0.374427       0.0217873      0.00329897       0.0227255
        -14.7652        0.391793       0.0228404      0.00346522       0.0237399
        -14.4555        0.409964       0.0239405      0.00364062       0.0247991
        -14.1476        0.428978       0.0250897      0.00382581       0.0259059
        -13.8416        0.448874       0.0262902       0.0040215       0.0270627
        -13.5374        0.469692       0.0275444      0.00422843       0.0282727
        -13.2353        0.491477       0.0288546      0.00444745       0.0295386
        -12.9352        0.514271       0.0302236      0.00467944       0.0308639
        -12.6373        0.538123       0.0316541      0.00492537        0.032252
        -12.3415        0.563081        0.033149      0.00518628       0.0337065
         -12.048        0.589197       0.0347114      0.00546332       0.0352312
        -11.7568        0.616523       0.0363446       0.0057577       0.0368302
         -11.468        0.645117       0.0380521      0.00607074       0.0385078
        -11.1817        0.675038       0.0398375      0.00640387       0.0402684
        -10.8979        0.706346       0.0417047      0.00675861       0.0421168
        -10.6167        0.739106       0.0436577      0.00713663       0.0440576
        -10.3382        0.773386        0.045701      0.00753969        0.046096
        -10.0624        0.809255       0.0478389      0.00796971       0.0482372
        -9.78938        0.846788       0.0500764      0.00842873       0.0504865
        -9.51928        0.886062       0.0524184      0.00891896       0.0528494
        -9.25212        0.927157       0.0548702      0.00944274       0.0553317
        -8.98799        0.970158       0.0574373       0.0100026        0.057939
        -8.72693         1.01515       0.0601257       0.0106012       0.0606772
        -8.46903         1.06224       0.0629412       0.0112415       0.0635522
        -8.21435          1.1115       0.0658903       0.0119266       0.0665698
        -7.96295         1.16305       0.0689795       0.0126596       0.0697359
         -7.7149           1.217       0.0722157       0.0134441       0.0730564
        -7.47025         1.27344       0.0756061       0.0142839       0.0765369
        -7.22907          1.3325        0.079158       0.0151828        0.080183
        -6.99141          1.3943       0.0828791       0.0161449           0.084
        -6.75733         1.45897       0.0867772       0.0171748       0.0879929
        -6.52688         1.52664       0.0908604        0.018277       0.0921662
        -6.30011         1.59744        0.095137       0.0194564       0.0965243
        -6.07706         1.67153       0.0996154       0.0207182        0.101071
        -5.85779         1.74906        0.104304       0.0220677        0.105809
        -5.64232         1.83018        0.109212       0.0235105         0.11074
        -5.43071         1.91506        0.114348       0.0250525        0.115867
        -5.22298         2.00388        0.119721       0.0266997        0.121189
        -5.01916         2.09682         0.12534       0.0284583        0.126706
        -4.81928         2.19407        0.131213       0.0303348        0.132417
        -4.62336         2.29583        0.137349       0.0323357        0.138317
        -4.43143         2.40231        0.143757       0.0344677        0.144403
        -4.24349         2.51373        0.150445       0.0367375        0.150669
        -4.05956         2.63031        0.157421       0.0391518        0.157107
        -3.87965         2.75231        0.164693       0.0417175        0.163706
        -3.70375         2.87996        0.172267       0.0444411        0.170456
        -3.53187         3.01353        0.180151       0.0473291        0.177343
          -3.364          3.1533        0.188349       0.0503878        0.184351
        -3.20012         3.29955        0.196868       0.0536229        0.191462
        -3.04024         3.45258        0.205711       0.0570401        0.198657
        -2.88433         3.61271        0.214882       0.0606442        0.205913
        -2.73236         3.78027        0.224382       0.0644395        0.213206
        -2.58432         3.95559        0.234214       0.0684297        0.220509
        -2.44016         4.13905        0.244376       0.0726176        0.227793
        -2.29987         4.33102        0.254868       0.0770048        0.235028
        -2.16341         4.53189        0.265685       0.0815922        0.242181
        -2.03073         4.74208        0.276825       0.0863793         0.24922
        -1.90179         4.96202        0.288281       0.0913644        0.256107
        -1.77654         5.19215        0.300044       0.0965444        0.262809
        -1.65494         5.43296        0.312107        0.101915        0.269286
        -1.53694         5.68494        0.324457        0.107469        0.275504
        -1.42248         5.94861        0.337083        0.113201        0.281424
        -1.31151          6.2245         0.34997          0.1191         0.28701
        -1.20396          6.5132        0.363101        0.125156        0.292228
        -1.09977         6.81528        0.376461        0.131356        0.297042
       -0.998893         7.13137        0.390028        0.137687        0.301422
       -0.901253         7.46212        0.403784        0.144133        0.305338
       -0.806787         7.80821        0.417707        0.150679        0.308763
       -0.715428         8.17035        0.431773        0.157304        0.311673
       -0.627111         8.54929        0.445959        0.163992         0.31405
       -0.541765          8.9458         0.46024        0.170722        0.315875
       -0.459322         9.36071        0.474592        0.177473        0.317139
       -0.379713         9.79485        0.488987        0.184225        0.317832
       -0.302867         10.2491        0.503402        0.190956        0.317951
       -0.228715         10.7245        0.517808        0.197644        0.317498
       -0.157186         11.2219        0.532181        0.204269        0.316477
      -0.0882103         11.7424        0.546496        0.210808        0.314899
      -0.0217186          12.287        0.560726        0.217243        0.312776
       0.0423587         12.8568        0.574848        0.223553        0.310126
        0.104091         13.4531        0.588838         0.22972         0.30697
        0.163545         14.0771        0.602674        0.235727        0.303332
         0.22079           14.73        0.616335        0.241556        0.299239
        0.275892         15.4131        0.629801        0.247194        0.294719
        0.328917          16.128        0.643052        0.252627        0.289805
         0.37993          16.876        0.656073        0.257843        0.284529
        0.428995         17.6587        0.668846        0.262832        0.278924
        0.476175         18.4777        0.681359        0.267586        0.273025
        0.521531         19.3347        0.693598        0.272098        0.266867
        0.565124         20.2315        0.705553        0.276364        0.260484
        0.607014         21.1698        0.717214        0.280379        0.253912
        0.647257         22.1516        0.728574        0.284141        0.247183
        0.685911          23.179        0.739625        0.287651        0.240329
        0.723031         24.2541        0.750364        0.290908        0.233384
        0.758672          25.379        0.760786        0.293917        0.226375
        0.792885          26.556        0.770889        0.296679        0.219332
        0.825722         27.7877        0.780673        0.299199        0.212281
        0.857233         29.0765        0.790137        0.301484        0.205246
        0.887467          30.425        0.799284        0.303539        0.198251
         0.91647         31.8361        0.808114        0.305372        0.191316
        0.944289         33.3127        0.816632        0.306989         0.18446
        0.970967         34.8577        0.824841        0.308401          0.1777
        0.996548         36.4744        0.832746        0.309614         0.17105
         1.02107         38.1661        0.840353        0.310639        0.164525
         1.04458         39.9362        0.847666        0.311484        0.158135
         1.06712         41.7884        0.854693        0.312157         0.15189
         1.08872         43.7266        0.861441        0.312669        0.145797
         1.10941         45.7546        0.867916        0.313028        0.139865
         1.12924         47.8767        0.874125        0.313242        0.134096
         1.14824         50.0972        0.880077        0.313321        0.128497
         1.16644         52.4207        0.885779        0.313271        0.123068
         1.18387          54.852        0.891239        0.313102        0.117812
         1.20057          57.396        0.896464         0.31282        0.112729
         1.21656          60.058        0.901463        0.312433        0.107819
         1.23187         62.8435        0.906243        0.311946        0.103082
         1.24653         65.7581        0.910812        0.311366        0.098514
         1.26056          68.808        0.915178        0.310699       0.0941144
           1.274         71.9993        0.919348        0.309949       0.0898802
         1.28687         75.3386         0.92333        0.309121       0.0858081
         1.29918         78.8327        0.927131        0.308221       0.0818947
         1.31096          82.489        0.930758         0.30725       0.0781361
         1.32224         86.3148        0.934218        0.306214       0.0745284
         1.33304         90.3181        0.937518        0.305115       0.0710674
         1.34337          94.507        0.940664        0.303956       0.0677488
         1.35326         98.8902        0.943663        0.302739       0.0645683
         1.36272         103.477         0.94652        0.301467       0.0615215
         1.37177         108.276        0.949243        0.300141       0.0586039
         1.38043         113.298        0.951836        0.298764       0.0558111
         1.38871         118.552        0.954305        0.297337       0.0531388
         1.39663         124.051        0.956656        0.295861       0.0505827
         1.40422         129.804        0.958894        0.294338       0.0481384
         1.41147         135.825        0.961023        0.292768       0.0458018
         1.41841         142.124        0.963048        0.291153       0.0435688
         1.42504         148.716        0.964975        0.289493       0.0414355
         1.43139         155.613        0.966807         0.28779       0.0393979
         1.43746          162.83        0.968548        0.286044       0.0374523
         1.44326         170.383        0.970204        0.284256        0.035595
         1.44882         178.285        0.971777        0.282428       0.0338224
         1.45413         186.554        0.973272        0.280559       0.0321312
          1.4592         195.206        0.974692         0.27865        0.030518
         1.46406          204.26         0.97604        0.276703       0.0289795
          1.4687         213.733         0.97732        0.274719       0.0275127
         1.47314         223.646        0.978536        0.272697       0.0261146
         1.47739         234.019        0.979689         0.27064       0.0247823
         1.48145         244.872        0.980784        0.268549        0.023513
         1.48533         256.229        0.981822        0.266423        0.022304
         1.48904         268.113        0.982807        0.264266       0.0211528
         1.49259         280.548        0.983741        0.262076       0.0200569
         1.49598          293.56        0.984626        0.259857       0.0190138
         1.49923         307.175        0.985466        0.257609       0.0180213
         1.50233         321.422        0.986261        0.255334       0.0170772
         1.50529         336.329        0.987015        0.253032       0.0161793
         1.50813         351.928        0.987729        0.250707       0.0153256
         1.51084         368.251        0.988405        0.248358       0.0145141
         1.51343          385.33        0.989046        0.245987        0.013743
         1.51591         403.201        0.989652        0.243597       0.0130103
         1.51827         421.902        0.990226        0.241188       0.0123145
         1.52054          441.47        0.990769        0.238763       0.0116537
          1.5227         461.945        0.991283        0.236323       0.0110263
         1.52477          483.37        0.991769        0.233869        0.010431
         1.52675         505.788        0.992229        0.231404      0.00986603
         1.52864         529.247        0.992664        0.228928      0.00933012
         1.53044         553.793        0.993076        0.226445      0.00882187
         1.53217         579.478        0.993465        0.223954      0.00833997
         1.53382         606.354        0.993832        0.221459      0.00788316
          1.5354         634.476         0.99418        0.218959      0.00745023
         1.53691         663.903        0.994508        0.216459      0.00704004
         1.53835         694.695        0.994818        0.213957      0.00665148
         1.53973         726.914        0.995112        0.211457      0.00628349
         1.54104         760.628        0.995388         0.20896      0.00593506
          1.5423         795.906         0.99565        0.206466      0.00560522
         1.54351          832.82        0.995897        0.203979      0.00529304
         1.54466         871.446         0.99613        0.201498      0.00499764
         1.54576         911.864         0.99635        0.199025      0.00471818
         1.54681         954.156        0.996558        0.196562      0.00445384
         1.54781         998.409        0.996754        0.194109      0.00420386
         1.54877         1044.71         0.99694        0.191668      0.00396749
         1.54969         1093.17        0.997114         0.18924      0.00374404
         1.55057         1143.87        0.997279        0.186826      0.00353284
          1.5514         1196.92        0.997435        0.184426      0.00333324
         1.55221         1252.43        0.997582        0.182042      0.00314465
         1.55297         1310.52         0.99772        0.179675      0.00296648
          1.5537          1371.3        0.997851        0.177326      0.00279818
          1.5544          1434.9        0.997974        0.174995      0.00263924
         1.55507         1501.46         0.99809        0.172682      0.00248914
         1.55571         1571.09          0.9982        0.170389      0.00234742
         1.55632         1643.96        0.998303        0.168117      0.00221362
          1.5569         1720.21        0.998401        0.165865      0.00208732
         1.55746         1799.99        0.998493        0.163634      0.00196811
           1.558         1883.47        0.998579        0.161425      0.00185561
         1.55851         1970.83        0.998661        0.159238      0.00174945
         1.55899         2062.23        0.998738        0.157073      0.00164929
         1.55946         2157.88        0.998811        0.154932      0.00155479
          1.5599         2257.96        0.998879        0.152813      0.00146564
         1.56033         2362.68        0.998943        0.150718      0.00138155
         1.56073         2472.26        0.999004        0.148647      0.00130223
