# Egdf
        -13.8722       0.0535649     0.000212947     0.000107093     0.000377629        -6.89516        0.418484       0.0714286      0.00854881        0.153988
        -13.7585       0.0553203     0.000225468     0.000113258     0.000399143        -2.70956          1.9305        0.142857       0.0255818       0.0150694
        -13.6449       0.0571333     0.000238701     0.000119756     0.000421796       -0.357445         9.01721        0.214286         1.36884       0.0152394
        -13.5313       0.0590057     0.000252684     0.000126601     0.000445637       -0.306348          9.5526        0.285714         1.16195       0.0110367
        -13.4179       0.0609395     0.000267455     0.000133809     0.000470716        -0.19951         10.8731        0.357143         1.22604      0.00813565
        -13.3045       0.0629366     0.000283056     0.000141395     0.000497085       -0.151188         11.5817        0.428571         1.25026      0.00695791
        -13.1911       0.0649992     0.000299529     0.000149376     0.000524796       0.0305596         15.1873             0.5          13.362       0.0346913
        -13.0779       0.0671294     0.000316917     0.000157768       0.0005539       0.0357608         15.3202        0.571429          12.014       0.0304305
        -12.9647       0.0693294     0.000335268     0.000166587      0.00058445       0.0646212         16.0986        0.642857         3.02579      0.00665863
        -12.8516       0.0716015     0.000354627      0.00017585     0.000616497       0.0854826          16.708        0.714286         3.07423      0.00608695
        -12.7386       0.0739481     0.000375045     0.000185572     0.000650092        0.241568         23.0881        0.785714         2.30159      0.00180381
        -12.6257       0.0763715     0.000396571      0.00019577     0.000685286        0.268797         24.6913        0.857143         4.51651      0.00291604
        -12.5128       0.0788744     0.000419259     0.000206459     0.000722126        0.281949         25.5432        0.928571         6.34545      0.00371407
        -12.4001       0.0814594     0.000443162     0.000217656     0.000760659
        -12.2874        0.084129     0.000468336     0.000229374     0.000800929
        -12.1749       0.0868861     0.000494836     0.000241629     0.000842978
        -12.0624       0.0897336     0.000522722     0.000254433     0.000886843
        -11.9501       0.0926744     0.000552052     0.000267799     0.000932556
        -11.8379       0.0957116     0.000582886     0.000281738     0.000980146
        -11.7257       0.0988483     0.000615286     0.000296258      0.00102963
        -11.6137        0.102088     0.000649312     0.000311369      0.00108104
        -11.5018        0.105433     0.000685027     0.000327074      0.00113436
          -11.39        0.108889     0.000722492     0.000343379       0.0011896
        -11.2784        0.112457      0.00076177     0.000360283      0.00124675
        -11.1669        0.116143      0.00080292     0.000377784      0.00130579
        -11.0555        0.119949     0.000846005     0.000395878      0.00136669
        -10.9442         0.12388     0.000891083     0.000414554      0.00142939
        -10.8331         0.12794     0.000938211     0.000433802      0.00149384
        -10.7221        0.132133     0.000987445     0.000453603      0.00155997
        -10.6113        0.136463      0.00103884     0.000473937      0.00162768
        -10.5006        0.140936      0.00109244     0.000494778      0.00169687
        -10.3901        0.145554      0.00114829     0.000516095      0.00176741
        -10.2798        0.150325      0.00120644     0.000537852      0.00183917
        -10.1696        0.155251      0.00126692     0.000560008      0.00191198
        -10.0596        0.160339      0.00132976     0.000582515      0.00198567
        -9.94973        0.165594      0.00139499     0.000605322      0.00206003
        -9.84008        0.171021      0.00146262     0.000628371      0.00213486
        -9.73062        0.176625      0.00153267     0.000651597      0.00220992
        -9.62135        0.182414      0.00160515     0.000674933      0.00228496
        -9.51228        0.188392      0.00168004     0.000698305      0.00235971
        -9.40341        0.194566      0.00175733     0.000721636       0.0024339
        -9.29476        0.200943        0.001837     0.000744842      0.00250723
        -9.18632        0.207528      0.00191902     0.000767839       0.0025794
         -9.0781        0.214329      0.00200334      0.00079054      0.00265012
        -8.97012        0.221353      0.00208991     0.000812855      0.00271906
        -8.86237        0.228608      0.00217868     0.000834696      0.00278593
        -8.75486          0.2361      0.00226956     0.000855973      0.00285042
        -8.64761        0.243837      0.00236249     0.000876602      0.00291224
         -8.5406        0.251828      0.00245735     0.000896499      0.00297112
        -8.43387        0.260082      0.00255407     0.000915588       0.0030268
         -8.3274        0.268605      0.00265253     0.000933799      0.00307905
        -8.22121        0.277408      0.00275261     0.000951072      0.00312769
        -8.11531        0.286499       0.0028542     0.000967356      0.00317256
         -8.0097        0.295889      0.00295718     0.000982613      0.00321353
        -7.90439        0.305586      0.00306142     0.000996818      0.00325055
        -7.79939          0.3156      0.00316678      0.00100996      0.00328359
        -7.69471        0.325943      0.00327314      0.00102206       0.0033127
        -7.59035        0.336625      0.00338039      0.00103312      0.00333798
        -7.48633        0.347657      0.00348838       0.0010432      0.00335958
        -7.38266        0.359051      0.00359702      0.00105236      0.00337774
        -7.27933        0.370818      0.00370619      0.00106069      0.00339273
        -7.17637        0.382971       0.0038158      0.00106829      0.00340491
        -7.07378        0.395522      0.00392576      0.00107528      0.00341468
        -6.97157        0.408484      0.00403601      0.00108181      0.00342251
        -6.86974        0.421871      0.00414648      0.00108804      0.00342891
        -6.76832        0.435697      0.00425714      0.00109415      0.00343446
         -6.6673        0.449976      0.00436798      0.00110033      0.00343976
        -6.56671        0.464723      0.00447899      0.00110681      0.00344545
        -6.46654        0.479953       0.0045902       0.0011138      0.00345222
        -6.36681        0.495682      0.00470166      0.00112154      0.00346076
        -6.26753        0.511927      0.00481343      0.00113028      0.00347177
        -6.16872        0.528704       0.0049256      0.00114026      0.00348598
        -6.07037        0.546031      0.00503829      0.00115175      0.00350411
         -5.9725        0.563926      0.00515164      0.00116501      0.00352685
        -5.87513        0.582407      0.00526581       0.0011803      0.00355492
        -5.77826        0.601494      0.00538098      0.00119788      0.00358898
         -5.6819        0.621206      0.00549735      0.00121802      0.00362969
        -5.58607        0.641565      0.00561515      0.00124098      0.00367767
        -5.49078        0.662591      0.00573462      0.00126702      0.00373352
        -5.39603        0.684305      0.00585603      0.00129639      0.00379781
        -5.30184        0.706732      0.00597965      0.00132935      0.00387106
        -5.20823        0.729893      0.00610579      0.00136615      0.00395379
        -5.11519        0.753814      0.00623476      0.00140704      0.00404647
        -5.02275        0.778518      0.00636688      0.00145227      0.00414955
        -4.93092        0.804032      0.00650249       0.0015021      0.00426347
         -4.8397        0.830382      0.00664196       0.0015568      0.00438865
        -4.74911        0.857596      0.00678566      0.00161663      0.00452551
        -4.65917        0.885701      0.00693396      0.00168188      0.00467448
        -4.56987        0.914728      0.00708727      0.00175285        0.004836
        -4.48123        0.944706        0.007246      0.00182987      0.00501052
        -4.39328        0.975666      0.00741056      0.00191329      0.00519857
          -4.306         1.00764      0.00758142       0.0020035       0.0054007
        -4.21943         1.04066      0.00775903      0.00210094      0.00561753
        -4.13356         1.07477      0.00794389      0.00220608       0.0058498
        -4.04841         1.10999      0.00813649      0.00231948      0.00609833
          -3.964         1.14637      0.00833738      0.00244175      0.00636405
        -3.88033         1.18394      0.00854713      0.00257361      0.00664807
         -3.7974         1.22274      0.00876635      0.00271583      0.00695165
        -3.71525         1.26281      0.00899569      0.00286935      0.00727623
        -3.63386          1.3042      0.00923586      0.00303519      0.00762349
        -3.55326         1.34694      0.00948762      0.00321455      0.00799535
        -3.47345         1.39108       0.0097518      0.00340876      0.00839398
        -3.39445         1.43667       0.0100293      0.00361937      0.00882187
        -3.31626         1.48376       0.0103211      0.00384811      0.00928183
        -3.23889         1.53238       0.0106283      0.00409697      0.00977706
        -3.16235          1.5826       0.0109521       0.0043682       0.0103111
        -3.08665         1.63447       0.0112938      0.00466434        0.010888
         -3.0118         1.68803       0.0116548      0.00498826       0.0115123
        -2.93781         1.74335       0.0120368       0.0053432       0.0121889
        -2.86468         1.80049       0.0124415      0.00573282       0.0129234
        -2.79243         1.85949        0.012871      0.00616125        0.013722
        -2.72105         1.92044       0.0133273       0.0066331       0.0145915
        -2.65055         1.98337       0.0138129      0.00715358       0.0155394
        -2.58095         2.04837       0.0143304      0.00772853       0.0165739
        -2.51225          2.1155       0.0148828      0.00836449       0.0177043
        -2.44445         2.18483       0.0154734      0.00906879       0.0189404
        -2.37755         2.25644       0.0161056      0.00984965       0.0202932
        -2.31157         2.33039       0.0167835       0.0107163       0.0217748
        -2.24651         2.40676       0.0175115       0.0116789       0.0233982
        -2.18236         2.48563       0.0182943        0.012749       0.0251777
        -2.11914         2.56709       0.0191371       0.0139395       0.0271289
        -2.05685         2.65122       0.0200459       0.0152646       0.0292688
        -1.99548         2.73811        0.021027       0.0167403        0.031616
        -1.93504         2.82785       0.0220874       0.0183845       0.0341904
        -1.87554         2.92052       0.0232348        0.020217       0.0370138
        -1.81696         3.01624       0.0244775       0.0222597       0.0401099
        -1.75933         3.11508       0.0258248       0.0245373       0.0435041
        -1.70262         3.21717       0.0272868        0.027077        0.047224
        -1.64684         3.32261       0.0288743        0.029909        0.051299
          -1.592          3.4315       0.0305994       0.0330666       0.0557608
        -1.53809         3.54396       0.0324751       0.0365868       0.0606434
         -1.4851          3.6601       0.0345154       0.0405101       0.0659827
        -1.43304         3.78005       0.0367359       0.0448812       0.0718171
         -1.3819         3.90394        0.039153       0.0497492       0.0781869
        -1.33168         4.03188       0.0417846       0.0551675       0.0851343
        -1.28237         4.16401       0.0446503       0.0611945       0.0927034
        -1.23397         4.30048       0.0477706       0.0678932         0.10094
        -1.18648         4.44142        0.051168       0.0753319         0.10989
        -1.13989         4.58697        0.054866        0.083584        0.119601
        -1.09419          4.7373       0.0588902       0.0927276        0.130121
        -1.04939         4.89255       0.0632672        0.102846        0.141496
        -1.00546         5.05289       0.0680255        0.114026         0.15377
       -0.962412         5.21849       0.0731946         0.12636        0.166987
        -0.92023         5.38951       0.0788056        0.139941        0.181183
       -0.878908         5.56614       0.0848907        0.154866        0.196393
       -0.838439         5.74856        0.091483        0.171232        0.212642
       -0.798815         5.93695       0.0986162        0.189136        0.229947
       -0.760026         6.13152        0.106325         0.20867        0.248315
       -0.722065         6.33247        0.114642        0.229922         0.26774
       -0.684921            6.54        0.123603        0.252973        0.288202
       -0.648586         6.75433         0.13324        0.277891        0.309664
        -0.61305         6.97569        0.143585        0.304731        0.332069
       -0.578303          7.2043        0.154666        0.333529        0.355341
       -0.544335          7.4404         0.16651        0.364299        0.379382
       -0.511135         7.68424        0.179141        0.397031        0.404069
       -0.478694         7.93607        0.192576        0.431681        0.429255
          -0.447         8.19616        0.206829        0.468175         0.45477
       -0.416043         8.46477        0.221907        0.506399        0.480418
       -0.385812         8.74218        0.237812        0.546202         0.50598
       -0.356295         9.02868        0.254536        0.587389        0.531218
       -0.327481         9.32457        0.272066         0.62972        0.555875
        -0.29936         9.63016        0.290378        0.672914         0.57968
        -0.27192         9.94577         0.30944        0.716649        0.602353
       -0.245148         10.2717        0.329211        0.760561        0.623611
       -0.219035         10.6083        0.349641        0.804253        0.643174
       -0.193568          10.956         0.37067        0.847298        0.660768
       -0.168735         11.3151        0.392232        0.889246        0.676138
       -0.144526         11.6859        0.414251        0.929636        0.689051
       -0.120928         12.0689        0.436643        0.968002        0.699304
      -0.0979304         12.4644        0.459321         1.00388        0.706728
       -0.075521         12.8729        0.482191         1.03685        0.711197
      -0.0536886         13.2948        0.505156         1.06648        0.712631
      -0.0324217         13.7305        0.528118         1.09241        0.710998
      -0.0117088         14.1804        0.550979         1.11434         0.70632
      0.00846133         14.6452         0.57364         1.13201         0.69867
       0.0281001         15.1251        0.596008         1.14526        0.688169
       0.0472186         15.6208        0.617994         1.15397        0.674988
        0.065828         16.1328        0.639514         1.15814        0.659339
       0.0839393         16.6615        0.660493         1.15782         0.64147
        0.101563         17.2075        0.680864         1.15315        0.621656
        0.118711         17.7714        0.700569         1.14434         0.60019
        0.135393         18.3539        0.719558         1.13164        0.577376
         0.15162         18.9554        0.737795         1.11538        0.553518
        0.167402         19.5766        0.755249         1.09589         0.52891
         0.18275         20.2181        0.771901         1.07355        0.503836
        0.197674         20.8807        0.787741         1.04873        0.478553
        0.212183         21.5651        0.802765          1.0218        0.453298
        0.226289         22.2718        0.816978        0.993125        0.428278
        0.239999         23.0017        0.830391        0.963053         0.40367
        0.253325         23.7555        0.843019        0.931901        0.379624
        0.266275         24.5341        0.854882        0.899958        0.356262
        0.278859         25.3381        0.866004        0.867488        0.333679
        0.291086         26.1685        0.876411        0.834721        0.311947
        0.302964         27.0261        0.886132        0.801861         0.29112
        0.314503         27.9118        0.895197        0.769085        0.271231
        0.325712         28.8266        0.903635        0.736548          0.2523
        0.336598         29.7713        0.911479        0.704381        0.234335
        0.347171          30.747        0.918759        0.672697        0.217332
        0.357437         31.7546        0.925506        0.641594        0.201281
        0.367406         32.7953         0.93175        0.611156        0.186164
        0.377085         33.8701        0.937522        0.581451        0.171959
        0.386482         34.9801         0.94285        0.552541        0.158638
        0.395604         36.1265        0.947762        0.524473        0.146173
        0.404459         37.3104        0.952286         0.49729         0.13453
        0.413054         38.5332        0.956447        0.471022        0.123676
        0.421396          39.796        0.960271        0.445696        0.113577
        0.429491         41.1002         0.96378        0.421328        0.104195
        0.437347         42.4472        0.966998        0.397929       0.0954941
        0.444971         43.8383        0.969946        0.375505       0.0874388
        0.452367          45.275        0.972644        0.354054       0.0799924
        0.459544         46.7588        0.975111        0.333571       0.0731192
        0.466507         48.2912        0.977365        0.314044        0.066784
        0.473261         49.8738        0.979423         0.29546       0.0609526
        0.479813         51.5083        0.981301        0.277798        0.055592
        0.486169         53.1963        0.983014        0.261038       0.0506701
        0.492334         54.9397        0.984574        0.245155       0.0461561
        0.498314         56.7402        0.985994        0.230122       0.0420208
        0.504113         58.5998        0.987288        0.215909       0.0382362
        0.509737         60.5202        0.988464        0.202488       0.0347759
        0.515191         62.5036        0.989534        0.189826       0.0316149
         0.52048          64.552        0.990506        0.177893       0.0287296
        0.525608         66.6676        0.991389        0.166655        0.026098
        0.530581         68.8524        0.992192        0.156082       0.0236994
        0.535402         71.1089         0.99292        0.146142       0.0215148
        0.540077         73.4393        0.993581        0.136802       0.0195261
        0.544609         75.8461        0.994181        0.128032       0.0177169
        0.549003         78.3318        0.994726        0.119802       0.0160716
        0.553262         80.8989        0.995219        0.112083       0.0145763
        0.557392         83.5502        0.995667        0.104846       0.0132177
        0.561394         86.2883        0.996073       0.0980651       0.0119838
        0.565274         89.1162        0.996441       0.0917126       0.0108636
        0.569035         92.0368        0.996775       0.0857642      0.00984695
         0.57268          95.053        0.997077       0.0801958       0.0089245
        0.576213         98.1682        0.997351       0.0749845      0.00808773
        0.579637         101.385          0.9976       0.0701088      0.00732888
        0.582956         104.708        0.997825       0.0655479      0.00664081
        0.586172          108.14        0.998029       0.0612825      0.00601704
        0.589289         111.684        0.998214       0.0572939      0.00545165
         0.59231         115.344        0.998381       0.0535649      0.00493924
        0.595237         119.124        0.998533       0.0500789      0.00447491
        0.598074         123.028         0.99867       0.0468205      0.00405419
        0.600823          127.06        0.998794       0.0437751      0.00367302
        0.603486         131.224        0.998907        0.040929       0.0033277
        0.606067         135.524        0.999009       0.0382693      0.00301489
        0.608568         139.966        0.999102       0.0357838      0.00273153
        0.610991         144.553        0.999186       0.0334614      0.00247487
        0.613339          149.29        0.999262       0.0312913      0.00224239
        0.615614         154.183        0.999331       0.0292635      0.00203182
        0.617818         159.236        0.999393       0.0273688      0.00184109
        0.619953         164.454         0.99945       0.0255984      0.00166835
        0.622022         169.844        0.999501       0.0239441      0.00151188
        0.624026          175.41        0.999547       0.0223982      0.00137016
        0.625968         181.159        0.999589       0.0209537      0.00124179
        0.627849         187.096        0.999628       0.0196038      0.00112552
        0.629671         193.228        0.999662       0.0183424      0.00102019
        0.631436          199.56        0.999693       0.0171634     0.000924782
