# Egdf
        -46.4201      0.00976571       0.0023521     0.000251758      0.00210027        -16.0041        0.425233       0.0344828       0.0308566         1.23622
        -45.9263       0.0103613      0.00247973     0.000265309      0.00221286        -14.1381        0.552893       0.0689655       0.0170955        0.389369
        -45.4327       0.0109931       0.0026142     0.000279574      0.00233133        -10.9937        0.886786        0.103448      0.00850581       0.0683509
        -44.9391       0.0116635      0.00275586      0.00029459      0.00245597        -9.82321         1.07211        0.137931      0.00998856       0.0522369
        -44.4456       0.0123748      0.00290509     0.000310395      0.00258708        -6.21583         2.09226        0.172414       0.0294497       0.0318796
        -43.9523       0.0131295      0.00306229     0.000327027      0.00272497        -5.45354         2.47241        0.206897       0.0295593       0.0212395
        -43.4591       0.0139301      0.00322785     0.000344528      0.00286999        -5.07817         2.69789        0.241379       0.0430244       0.0248842
        -42.9661       0.0147796      0.00340222     0.000362942      0.00302247        -3.97904         3.57185        0.275862       0.0199528      0.00567035
        -42.4732        0.015681      0.00358584     0.000382314      0.00318277         -2.2953         6.16562        0.310345       0.0536976      0.00362772
        -41.9805       0.0166372       0.0037792     0.000402691      0.00335126        -1.67185         8.04844        0.344828       0.0723562      0.00236747
        -41.4879       0.0176518      0.00398278     0.000424122      0.00352833        -1.47739         8.85117         0.37931       0.0989942      0.00249251
        -40.9955       0.0187283       0.0041971     0.000446659      0.00371438         -1.2943         9.74596        0.413793       0.0964546       0.0018594
        -40.5034       0.0198704      0.00442272     0.000470355      0.00390983       -0.656266         14.6668        0.448276        0.313965      0.00191642
        -40.0114       0.0210822      0.00466019     0.000495267      0.00411512       -0.531306         16.1968        0.482759        0.196049     0.000901932
        -39.5197       0.0223678      0.00491012     0.000521454       0.0043307        -0.50033         16.6226        0.517241        0.355154      0.00151712
        -39.0282       0.0237319      0.00517312     0.000548975      0.00455703       -0.448229         17.3878        0.551724        0.270453       0.0010157
        -38.5369       0.0251792      0.00544986     0.000577896       0.0047946       -0.116639         24.3639        0.586207        0.112765     0.000160153
        -38.0459       0.0267147        0.005741     0.000608282      0.00504391     -0.00782372         27.9479         0.62069        0.258244     0.000246166
        -37.5552       0.0283438      0.00604726     0.000640202      0.00530548       0.0919904          32.245        0.655172        0.300222     0.000188573
        -37.0648       0.0300723      0.00636938     0.000673729      0.00557984        0.236389          41.298        0.689655        0.278061     8.45795e-05
        -36.5747       0.0319062      0.00670814     0.000708937      0.00586755        0.369752          55.436        0.724138         0.66396     8.48387e-05
        -36.0849        0.033852      0.00706433     0.000745904      0.00616918        0.413741          62.409        0.758621        0.656423     5.90951e-05
        -35.5955       0.0359164      0.00743881     0.000784711      0.00648532        0.420289          63.596        0.793103        0.783878     6.67432e-05
        -35.1064       0.0381067      0.00783244     0.000825444      0.00681657        0.467682         73.7122        0.827586        0.645244     3.54825e-05
        -34.6178       0.0404306      0.00824615     0.000868189      0.00716357        0.550054         101.578        0.862069    2.22507e-308    4.72197e-313
        -34.1296       0.0428962      0.00868088     0.000913039      0.00752694        0.724006         475.167        0.896552          1.8356     3.88543e-07
        -33.6418       0.0455121      0.00913762     0.000960088      0.00790736        0.740321         721.096        0.931034         2.32718     1.41221e-07
        -33.1545       0.0482876       0.0096174      0.00100944       0.0083055        0.743655         806.254        0.965517         2.43385     1.05705e-07
        -32.6677       0.0512324       0.0101213      0.00106118      0.00872205
        -32.1814       0.0543567       0.0106504      0.00111544      0.00915773
        -31.6957       0.0576715       0.0112059      0.00117232      0.00961326
        -31.2106       0.0611885       0.0117889      0.00123194       0.0100894
        -30.7261         0.06492       0.0124008      0.00129441       0.0105869
        -30.2423       0.0688791       0.0130428      0.00135986       0.0111065
        -29.7592       0.0730795       0.0137162      0.00142843       0.0116491
        -29.2768       0.0775362       0.0144224      0.00150026       0.0122154
        -28.7952       0.0822646       0.0151629      0.00157547       0.0128062
        -28.3144       0.0872814       0.0159391      0.00165423       0.0134225
        -27.8346       0.0926041       0.0167525       0.0017367        0.014065
        -27.3556       0.0982514       0.0176048      0.00182302       0.0147346
        -26.8777        0.104243       0.0184975      0.00191338       0.0154323
        -26.4008          0.1106       0.0194324      0.00200796       0.0161588
        -25.9249        0.117345       0.0204112      0.00210694       0.0169152
        -25.4503        0.124501       0.0214357      0.00221052       0.0177022
        -24.9769        0.132094       0.0225077      0.00231891       0.0185209
        -24.5047        0.140149       0.0236291      0.00243233       0.0193723
        -24.0339        0.148696       0.0248018      0.00255101       0.0202571
        -23.5646        0.157764        0.026028       0.0026752       0.0211766
        -23.0968        0.167385       0.0273097      0.00280516       0.0221315
        -22.6306        0.177593       0.0286489      0.00294115        0.023123
         -22.166        0.188423        0.030048      0.00308349       0.0241519
        -21.7033        0.199913       0.0315091      0.00323247       0.0252195
        -21.2424        0.212105       0.0330346      0.00338843       0.0263267
        -20.7835         0.22504       0.0346268      0.00355172       0.0274745
        -20.3266        0.238763       0.0362882      0.00372272        0.028664
        -19.8719        0.253324       0.0380212      0.00390183       0.0298964
        -19.4195        0.268773       0.0398285      0.00408948       0.0311726
        -18.9695        0.285163       0.0417127      0.00428613       0.0324939
         -18.522        0.302553       0.0436765      0.00449228       0.0338613
        -18.0771        0.321004       0.0457226      0.00470846        0.035276
         -17.635         0.34058       0.0478539      0.00493524       0.0367392
        -17.1958         0.36135       0.0500732      0.00517324       0.0382519
        -16.7596        0.383386       0.0523836      0.00542311       0.0398155
        -16.3266        0.406766       0.0547881      0.00568556       0.0414309
         -15.897        0.431572       0.0572898      0.00596135       0.0430996
        -15.4707        0.457891       0.0598918      0.00625131       0.0448225
        -15.0481        0.485815       0.0625975      0.00655633        0.046601
        -14.6293        0.515442       0.0654101      0.00687735       0.0484362
        -14.2144        0.546875       0.0683331       0.0072154       0.0503292
        -13.8035        0.580225       0.0713699      0.00757159       0.0522812
        -13.3969        0.615609        0.074524      0.00794712       0.0542934
        -12.9947        0.653151        0.077799      0.00834325       0.0563668
        -12.5971        0.692983       0.0811986      0.00876139       0.0585024
        -12.2042        0.735243       0.0847265      0.00920301       0.0607013
        -11.8163        0.780081       0.0883865      0.00966973       0.0629644
        -11.4334        0.827653       0.0921823       0.0101633       0.0652924
        -11.0557        0.878126       0.0961179       0.0106855       0.0676863
        -10.6835        0.931677        0.100197       0.0112383       0.0701466
        -10.3168        0.988494        0.104424        0.011824       0.0726738
        -9.95588         1.04878        0.108803       0.0124448       0.0752684
        -9.60081         1.11273        0.113337       0.0131032       0.0779305
        -9.25179         1.18059         0.11803       0.0138018       0.0806603
        -8.90896         1.25259        0.122888       0.0145435       0.0834574
        -8.57245         1.32898        0.127912       0.0153313       0.0863217
         -8.2424         1.41002        0.133109       0.0161686       0.0892523
        -7.91895         1.49601         0.13848       0.0170586       0.0922484
        -7.60221         1.58724        0.144031       0.0180053       0.0953088
        -7.29229         1.68404        0.149765       0.0190124       0.0984319
        -6.98929         1.78673        0.155686       0.0200843        0.101616
        -6.69332          1.8957        0.161797       0.0212255        0.104858
        -6.40443          2.0113        0.168102       0.0224406        0.108157
        -6.12272         2.13396        0.174603       0.0237347        0.111508
        -5.84823         2.26409        0.181304       0.0251131        0.114908
        -5.58102         2.40217        0.188208       0.0265815        0.118353
        -5.32111         2.54866        0.195317       0.0281457        0.121838
        -5.06852         2.70408        0.202634       0.0298121        0.125358
        -4.82327         2.86899        0.210159        0.031587        0.128908
        -4.58535         3.04395        0.217896       0.0334773        0.132481
        -4.35474         3.22958        0.225844       0.0354901         0.13607
        -4.13142         3.42653        0.234006       0.0376329        0.139668
        -3.91534         3.63549         0.24238       0.0399131        0.143266
        -3.70644         3.85719        0.250967       0.0423388        0.146856
        -3.50466         4.09242        0.259766        0.044918        0.150428
        -3.30992         4.34199        0.268776        0.047659        0.153973
        -3.12213         4.60678        0.277995       0.0505704         0.15748
         -2.9412         4.88772         0.28742       0.0536608        0.160939
        -2.76701         5.18579        0.297048       0.0569388        0.164338
        -2.59945         5.50203        0.306875       0.0604133        0.167666
        -2.43839         5.83757        0.316896        0.064093         0.17091
         -2.2837         6.19356        0.327107       0.0679866        0.174058
        -2.13524         6.57126        0.337501       0.0721027        0.177098
        -1.99286           6.972        0.348072       0.0764497        0.180017
        -1.85641         7.39718        0.358811       0.0810359        0.182803
        -1.72573         7.84828        0.369712       0.0858691        0.185444
        -1.60067          8.3269        0.380763       0.0909569        0.187926
        -1.48107          8.8347        0.391957       0.0963063         0.19024
        -1.36675         9.37347        0.403283        0.101924        0.192373
        -1.25756          9.9451        0.414729        0.107816        0.194314
        -1.15332         10.5516        0.426284        0.113988        0.196054
        -1.05387         11.1951        0.437936        0.120444        0.197584
       -0.959044         11.8778        0.449672        0.127188        0.198895
       -0.868674         12.6021        0.461479        0.134224         0.19998
       -0.782597         13.3706        0.473344        0.141554        0.200832
       -0.700649          14.186        0.485252        0.149179        0.201447
        -0.62267         15.0511        0.497189          0.1571        0.201821
       -0.548503          15.969        0.509141        0.165317         0.20195
       -0.477992         16.9428        0.521093        0.173828        0.201835
       -0.410985         17.9761        0.533032        0.182632        0.201474
       -0.347336         19.0723        0.544942        0.191725        0.200869
       -0.286899         20.2354        0.556808        0.201103        0.200022
       -0.229534         21.4694        0.568618        0.210761        0.198938
       -0.175103         22.7787        0.580356        0.220694         0.19762
       -0.123476         24.1678         0.59201        0.230896        0.196076
      -0.0745226         25.6417        0.603566        0.241358        0.194313
      -0.0281196         27.2054        0.615011        0.252073        0.192338
       0.0158528         28.8645        0.626333        0.263034        0.190161
       0.0575103         30.6247        0.637521        0.274229        0.187791
        0.096964         32.4923        0.648563        0.285651         0.18524
        0.134321         34.4738        0.659449        0.297288        0.182518
        0.169684         36.5762        0.670169        0.309131        0.179637
        0.203151         38.8067        0.680713        0.321169         0.17661
        0.234818         41.1733        0.691075        0.333391        0.173448
        0.264775         43.6842        0.701246        0.345786        0.170164
        0.293108         46.3482        0.711219        0.358343        0.166771
        0.319901         49.1746        0.720988        0.371051        0.163281
        0.345233         52.1735        0.730549          0.3839        0.159707
        0.369178         55.3552        0.739895        0.396878        0.156062
        0.391811         58.7309        0.749024        0.409975        0.152357
        0.413198         62.3125        0.757932        0.423182        0.148605
        0.433407         66.1126        0.766617        0.436489        0.144817
        0.452499         70.1443        0.775077        0.449886        0.141003
        0.470533          74.422         0.78331        0.463365        0.137176
        0.487566         78.9605        0.791317        0.476918        0.133344
        0.503652         83.7758        0.799097        0.490538        0.129517
        0.518842         88.8847        0.806651        0.504219        0.125705
        0.533184         94.3052         0.81398        0.517955        0.121916
        0.546724         100.056        0.821086         0.53174        0.118158
        0.559506         106.158         0.82797        0.545573        0.114438
        0.571571         112.632        0.834635        0.559448        0.110763
        0.582959         119.501        0.841085        0.573365        0.107139
        0.593706         126.788        0.847321        0.587323        0.103572
        0.603848          134.52        0.853348        0.601321        0.100066
        0.613418         142.724        0.859169        0.615362       0.0966274
        0.622449         151.427        0.864789        0.629447       0.0932585
        0.630969         160.662        0.870212        0.643579       0.0899631
        0.639008          170.46        0.875442        0.657762       0.0867441
        0.646591         180.855        0.880483        0.672003       0.0836039
        0.653745         191.884        0.885341        0.686306       0.0805445
        0.660493         203.586        0.890021         0.70068       0.0775673
        0.666859         216.001        0.894526         0.71513       0.0746735
        0.672863         229.174        0.898863        0.729668       0.0718636
        0.678526         243.149        0.903036          0.7443        0.069138
        0.683866         257.977         0.90705        0.759037       0.0664968
        0.688903          273.71        0.910911         0.77389       0.0639395
        0.693654         290.402        0.914622        0.788868       0.0614656
        0.698133         308.111        0.918189        0.803983       0.0590743
        0.702358         326.901        0.921617        0.819245       0.0567643
        0.706341         346.836        0.924911        0.834665       0.0545346
        0.710098         367.988        0.928076        0.850254       0.0523835
         0.71364         390.429        0.931115        0.866022       0.0503095
        0.716979         414.238        0.934033         0.88198       0.0483108
        0.720128           439.5        0.936836        0.898136       0.0463856
        0.723097         466.302        0.939526        0.914501       0.0445318
        0.725897         494.739        0.942109        0.931081       0.0427474
        0.728536          524.91        0.944589        0.947885       0.0410305
        0.731024         556.921        0.946968        0.964919       0.0393788
         0.73337         590.884        0.949252        0.982189       0.0377902
        0.735582         626.918        0.951444        0.999698       0.0362626
        0.737667         665.149        0.953546         1.01745       0.0347939
        0.739633         705.712        0.955564         1.03545        0.033382
        0.741487         748.749          0.9575         1.05369       0.0320247
        0.743234         794.411        0.959357         1.07218         0.03072
        0.744881         842.856        0.961138         1.09091       0.0294659
        0.746433         894.257        0.962846         1.10988       0.0282605
        0.747897         948.791        0.964484         1.12909       0.0271018
        0.749277         1006.65        0.966056         1.14853       0.0259881
        0.750577         1068.04        0.967562         1.16819       0.0249176
        0.751804         1133.17        0.969006         1.18807       0.0238885
        0.752959         1202.28        0.970391         1.20816       0.0228992
        0.754049          1275.6        0.971718         1.22844       0.0219482
        0.755076         1353.39         0.97299         1.24891       0.0210339
        0.756044         1435.92        0.974209         1.26955       0.0201549
        0.756957         1523.49        0.975377         1.29036       0.0193099
        0.757817          1616.4        0.976496         1.31131       0.0184974
        0.758628         1714.97        0.977568          1.3324       0.0177164
        0.759392         1819.56        0.978594         1.35361       0.0169654
        0.760112         1930.52        0.979577         1.37493       0.0162436
        0.760791         2048.25        0.980518         1.39635       0.0155496
        0.761431         2173.16        0.981418         1.41784       0.0148826
        0.762035         2305.68         0.98228          1.4394       0.0142415
        0.762603         2446.29        0.983105         1.46101       0.0136253
         0.76314         2595.47        0.983894         1.48266       0.0130333
        0.763645         2753.76        0.984648         1.50433       0.0124645
        0.764121         2921.69         0.98537         1.52601        0.011918
         0.76457         3099.86         0.98606         1.54768       0.0113932
        0.764993          3288.9        0.986719         1.56935       0.0108891
        0.765392         3489.47         0.98735         1.59098       0.0104052
        0.765768         3702.27        0.987952         1.61258      0.00994075
        0.766122         3928.05        0.988527         1.63413      0.00949497
        0.766456          4167.6        0.989076         1.65562      0.00906727
        0.766771         4421.75        0.989601         1.67704      0.00865701
        0.767068          4691.4        0.990101         1.69839      0.00826357
        0.767347          4977.5        0.990579         1.71965      0.00788637
        0.767611         5281.05        0.991035         1.74082      0.00752483
        0.767859          5603.1         0.99147          1.7619       0.0071784
        0.768094          5944.8        0.991886         1.78287      0.00684654
        0.768314         6307.33        0.992281         1.80374      0.00652871
        0.768522         6691.98        0.992659          1.8245      0.00622442
        0.768718         7100.07        0.993019         1.84514      0.00593317
        0.768903         7533.06        0.993361         1.86567      0.00565448
        0.769078         7992.45        0.993688         1.88608      0.00538788
        0.769242         8479.86           0.994         1.90637      0.00513292
        0.769396         8996.99        0.994296         1.92654      0.00488916
        0.769542         9545.66        0.994579         1.94658      0.00465618
         0.76968         10127.8        0.994848         1.96651      0.00443354
        0.769809         10745.4        0.995104         1.98632      0.00422087
        0.769932         11400.7        0.995347           2.006      0.00401775
        0.770047           12096         0.99558         2.02557      0.00382381
        0.770155         12833.6          0.9958         2.04503      0.00363869
        0.770257         13616.2        0.996011         2.06437      0.00346203
        0.770354         14446.6         0.99621         2.08361      0.00329348
        0.770445         15327.6        0.996401         2.10274       0.0031327
         0.77053         16262.3        0.996581         2.12176      0.00297938
        0.770611         17254.1        0.996753         2.14068      0.00283321
        0.770687         18306.3        0.996917         2.15951      0.00269387
        0.770759         19422.7        0.997073         2.17825      0.00256108
        0.770826         20607.1         0.99722          2.1969      0.00243456
         0.77089         21863.8        0.997361         2.21546      0.00231404
         0.77095         23197.2        0.997494         2.23395      0.00219925
        0.771007         24611.8        0.997621         2.25236      0.00208994
         0.77106         26112.7        0.997742          2.2707      0.00198586
         0.77111         27705.2        0.997857         2.28898       0.0018868
        0.771158         29394.7        0.997965          2.3072      0.00179251
        0.771202         31187.3        0.998069         2.32536      0.00170279
        0.771244         33089.2        0.998167         2.34347      0.00161742
        0.771284         35107.1         0.99826         2.36153      0.00153621
