# Egdf
        -1.66637        0.057518      0.00034545      0.00123627     0.000561813       -0.798904        0.417373       0.0526316    2.22507e-308    5.21147e-308
        -1.65224       0.0593342     0.000363356      0.00129983     0.000590359       -0.335076         1.48007        0.105263        0.404685       0.0578924
        -1.63813       0.0612078     0.000382171      0.00136653     0.000620286        -0.20984         2.27751        0.157895        0.567445       0.0292006
        -1.62402       0.0631405     0.000401939      0.00143651     0.000651654       -0.100488         3.58594        0.210526         1.02563       0.0171247
        -1.60992       0.0651343     0.000422705      0.00150992     0.000684526      -0.0859938         3.84124        0.263158         1.42363       0.0199536
        -1.59583        0.067191     0.000444517      0.00158691     0.000718965      -0.0352389         5.00451        0.315789         2.36636       0.0167362
        -1.58175       0.0693127     0.000467424      0.00166764     0.000755037      -0.0220031         5.40248        0.368421         3.75653       0.0217312
        -1.56768       0.0715013      0.00049148      0.00175227     0.000792811      -0.0038815         6.03801        0.421053         6.01197       0.0259069
        -1.55362       0.0737591     0.000516737      0.00184098     0.000832355    -0.000534991         6.16894        0.473684         8.57527       0.0349008
        -1.53957       0.0760882     0.000543252      0.00193393     0.000873743      0.00788715         6.52029        0.526316         12.4369       0.0436548
        -1.52553       0.0784908     0.000571084      0.00203132     0.000917048       0.0096811         6.59947        0.578947         16.3079        0.055421
         -1.5115       0.0809693     0.000600292      0.00213331     0.000962346       0.0139511         6.79459        0.631579         17.3767        0.054612
        -1.49748        0.083526     0.000630941      0.00224011      0.00100972       0.0151926         6.85314        0.684211         3.98576        0.012241
        -1.48348       0.0861635     0.000663095      0.00235192      0.00105924       0.0540082         9.23768        0.736842         2.48725      0.00339172
        -1.46948       0.0888842     0.000696824      0.00246895        0.001111       0.0747035         11.1827        0.789474         3.90878      0.00314203
         -1.4555       0.0916909     0.000732197      0.00259139      0.00116507       0.0894394         13.0682        0.842105         3.05478       0.0015884
        -1.44153       0.0945862     0.000769289      0.00271948      0.00122155       0.0923259         13.5059        0.894737          2.9717      0.00140856
        -1.42757       0.0975729     0.000808175      0.00285344      0.00128053        0.126913         21.9769        0.947368         1.97627     0.000234279
        -1.41362        0.100654     0.000848935      0.00299349      0.00134209
        -1.39969        0.103832      0.00089165      0.00313989      0.00140634
        -1.38578        0.107111     0.000936405      0.00329287      0.00147335
        -1.37187        0.110493     0.000983288       0.0034527      0.00154324
        -1.35798        0.113982      0.00103239      0.00361964       0.0016161
        -1.34411        0.117581       0.0010838      0.00379396      0.00169204
        -1.33025        0.121294      0.00113763      0.00397594      0.00177116
        -1.31641        0.125124      0.00119396      0.00416588      0.00185358
        -1.30259        0.129075      0.00125291      0.00436409      0.00193939
        -1.28878        0.133151      0.00131458      0.00457087      0.00202873
        -1.27499        0.137355      0.00137909      0.00478657      0.00212171
        -1.26122        0.141693      0.00144654      0.00501152      0.00221846
        -1.24747        0.146167      0.00151707      0.00524609       0.0023191
        -1.23374        0.150782      0.00159078      0.00549065      0.00242377
        -1.22002        0.155543      0.00166781      0.00574561      0.00253261
        -1.20633        0.160455      0.00174829      0.00601138      0.00264577
        -1.19266        0.165522      0.00183236      0.00628841      0.00276341
        -1.17901        0.170748      0.00192016      0.00657717      0.00288569
        -1.16538         0.17614      0.00201184      0.00687816      0.00301279
        -1.15177        0.181702      0.00210754      0.00719193      0.00314489
        -1.13819        0.187439      0.00220743      0.00751903      0.00328219
        -1.12463        0.193358      0.00231167      0.00786009      0.00342491
         -1.1111        0.199464      0.00242044      0.00821576      0.00357328
        -1.09759        0.205762      0.00253391      0.00858677      0.00372753
        -1.08411        0.212259      0.00265227      0.00897387      0.00388793
        -1.07065        0.218962      0.00277571       0.0093779      0.00405478
        -1.05722        0.225876      0.00290445      0.00979976      0.00422838
        -1.04382        0.233008      0.00303869       0.0102404      0.00440907
        -1.03045        0.240366      0.00317867       0.0107009      0.00459722
        -1.01711        0.247956      0.00332462       0.0111825      0.00479321
         -1.0038        0.255786      0.00347678       0.0116863      0.00499749
       -0.990523        0.263862      0.00363543       0.0122138      0.00521051
       -0.977277        0.272194      0.00380085       0.0127663       0.0054328
       -0.964064        0.280789      0.00397333       0.0133456      0.00566488
       -0.950885        0.289656      0.00415318       0.0139533      0.00590738
       -0.937741        0.298802      0.00434074       0.0145915      0.00616093
       -0.924632        0.308237      0.00453637        0.015262      0.00642623
       -0.911561         0.31797      0.00474044       0.0159673      0.00670405
       -0.898527        0.328011      0.00495334       0.0167096      0.00699521
       -0.885532        0.338368      0.00517552       0.0174917      0.00730058
       -0.872577        0.349053      0.00540743       0.0183165      0.00762113
       -0.859662        0.360075      0.00564955       0.0191869      0.00795788
       -0.846789        0.371445       0.0059024       0.0201063      0.00831194
       -0.833958        0.383174      0.00616655       0.0210784      0.00868448
       -0.821172        0.395273      0.00644258       0.0221071      0.00907679
        -0.80843        0.407754      0.00673113       0.0231965      0.00949022
       -0.795734         0.42063      0.00703289       0.0243513      0.00992624
       -0.783085        0.433912      0.00734856       0.0255762       0.0103864
       -0.770485        0.447613      0.00767894       0.0268765       0.0108723
       -0.757934        0.461748      0.00802486        0.028258       0.0113858
       -0.745433        0.476328      0.00838718       0.0297267       0.0119288
       -0.732983        0.491369      0.00876688       0.0312891       0.0125032
       -0.720587        0.506885      0.00916494       0.0329524       0.0131113
       -0.708245         0.52289      0.00958246        0.034724       0.0137552
       -0.695957        0.539402       0.0100206       0.0366121       0.0144373
       -0.683727        0.556434       0.0104806       0.0386254       0.0151604
       -0.671554        0.574004       0.0109637       0.0407734       0.0159269
        -0.65944        0.592129       0.0114713        0.043066         0.01674
       -0.647386        0.610827        0.012005       0.0455142       0.0176025
       -0.635393        0.630115       0.0125663       0.0481296       0.0185178
       -0.623464        0.650012        0.013157       0.0509247       0.0194893
       -0.611598        0.670537       0.0137787       0.0539129       0.0205207
       -0.599798         0.69171       0.0144335       0.0571088       0.0216158
       -0.588065        0.713552       0.0151234       0.0605278       0.0227787
       -0.576399        0.736084       0.0158506       0.0641868       0.0240139
       -0.564803        0.759327       0.0166173       0.0681038        0.025326
       -0.553278        0.783304       0.0174261       0.0722981       0.0267199
       -0.541825        0.808038       0.0182796       0.0767909       0.0282007
       -0.530445        0.833553       0.0191805       0.0816045       0.0297742
       -0.519139        0.859874       0.0201319       0.0867633       0.0314461
        -0.50791        0.887026       0.0211368       0.0922935       0.0332228
       -0.496758        0.915035       0.0221987       0.0982234       0.0351109
       -0.485685        0.943929       0.0233211        0.104583       0.0371174
       -0.474691        0.973735       0.0245079        0.111407       0.0392498
        -0.46378         1.00448       0.0257629        0.118728       0.0415161
        -0.45295          1.0362       0.0270907        0.126587       0.0439247
       -0.442205         1.06892       0.0284956        0.135023       0.0464846
       -0.431545         1.10267       0.0299826        0.144082       0.0492052
       -0.420972         1.13749       0.0315568        0.153812       0.0520965
       -0.410486         1.17341       0.0332237        0.164264       0.0551691
        -0.40009         1.21046        0.034989        0.175493       0.0584343
       -0.389783         1.24868        0.036859         0.18756       0.0619037
       -0.379569         1.28811       0.0388402         0.20053       0.0655897
       -0.369447         1.32879       0.0409396         0.21447       0.0695054
       -0.359419         1.37075       0.0431644        0.229456       0.0736645
       -0.349486         1.41403       0.0455224        0.245567        0.078081
       -0.339649         1.45868        0.048022        0.262887       0.0827699
        -0.32991         1.50474       0.0506718        0.281508       0.0877465
       -0.320269         1.55226        0.053481        0.301527       0.0930268
       -0.310728         1.60127       0.0564592        0.323046       0.0986271
       -0.301287         1.65183       0.0596168        0.346174        0.104564
       -0.291947         1.70399       0.0629643        0.371028        0.110855
        -0.28271          1.7578       0.0665132         0.39773        0.117517
       -0.273576         1.81331       0.0702752        0.426408        0.124568
       -0.264546         1.87056       0.0742627        0.457196        0.132025
       -0.255622         1.92963       0.0784885        0.490237        0.139904
       -0.246803         1.99056        0.082966        0.525674        0.148222
        -0.23809         2.05342       0.0877091         0.56366        0.156995
       -0.229485         2.11826       0.0927323         0.60435        0.166237
       -0.220987         2.18514       0.0980502        0.647901        0.175962
       -0.212599         2.25414        0.103678        0.694473        0.186181
       -0.204319         2.32532        0.109632        0.744227        0.196903
       -0.196148         2.39875        0.115926        0.797322        0.208135
       -0.188088         2.47449        0.122578        0.853912        0.219879
       -0.180138         2.55263        0.129603        0.914145        0.232137
       -0.172299         2.63323        0.137017        0.978162        0.244902
       -0.164571         2.71638        0.144835         1.04609        0.258166
       -0.156955         2.80215        0.153074         1.11804        0.271913
       -0.149449         2.89064        0.161747         1.19409        0.286123
       -0.142056         2.98191        0.170868         1.27432        0.300766
       -0.134775         3.07607        0.180452         1.35876        0.315808
       -0.127605          3.1732        0.190508         1.44741        0.331205
       -0.120547          3.2734        0.201048         1.54023        0.346904
       -0.113601         3.37677         0.21208         1.63712        0.362844
       -0.106766         3.48339         0.22361         1.73795        0.378954
       -0.100043         3.59339        0.235643         1.84252        0.395155
      -0.0934314         3.70686         0.24818         1.95057        0.411357
      -0.0869306         3.82391        0.261219         2.06177        0.427461
      -0.0805404         3.94465        0.274756         2.17574         0.44336
      -0.0742604         4.06921        0.288782           2.292        0.458939
      -0.0680903          4.1977        0.303286         2.41003        0.474077
      -0.0620295         4.33025        0.318253          2.5292        0.488647
      -0.0560774         4.46699        0.333662         2.64885        0.502519
      -0.0502336         4.60804        0.349489         2.76825        0.515562
      -0.0444974         4.75355        0.365708         2.88661        0.527647
       -0.038868         4.90365        0.382285         3.00309        0.538646
      -0.0333448         5.05849        0.399186         3.11684        0.548441
      -0.0279271         5.21822        0.416372         3.22698        0.556921
      -0.0226139         5.38299        0.433799         3.33264        0.563987
      -0.0174046         5.55297        0.451423         3.43295        0.569553
      -0.0122981         5.72831        0.469196          3.5271        0.573552
      -0.0072935         5.90919        0.487068          3.6143        0.575935
     -0.00238993         6.09579        0.504989         3.69385        0.576671
      0.00241364         6.28827        0.522906         3.76514        0.575751
      0.00711825         6.48683         0.54077         3.82764        0.573188
       0.0117249         6.69167        0.558529         3.88094        0.569013
       0.0162348         6.90297        0.576133         3.92473        0.563281
        0.020649         7.12094        0.593536         3.95883        0.556061
       0.0249686          7.3458        0.610693          3.9832        0.547442
       0.0291948         7.57775        0.627561         3.99788        0.537526
       0.0333289         7.81703        0.644102         4.00304        0.526426
       0.0373719         8.06387        0.660281         3.99896        0.514263
       0.0413252          8.3185        0.676068           3.986        0.501168
       0.0451899         8.58117        0.691434          3.9646         0.48727
       0.0489674         8.85213        0.706358         3.93528        0.472703
        0.052659         9.13165         0.72082         3.89858        0.457595
       0.0562658            9.42        0.734805         3.85511        0.442073
       0.0597893         9.71745        0.748303         3.80549        0.426257
       0.0632308         10.0243        0.761307         3.75033        0.410259
       0.0665915         10.3408        0.773811         3.69027        0.394184
       0.0698728         10.6674        0.785816         3.62592        0.378126
        0.073076         11.0042        0.797323         3.55788         0.36217
       0.0762024         11.3517        0.808336         3.48671        0.346393
       0.0792534         11.7101        0.818863         3.41295         0.33086
       0.0822304         12.0799        0.828911          3.3371        0.315627
       0.0851346         12.4613        0.838491         3.25962        0.300743
       0.0879675         12.8548        0.847614         3.18094        0.286247
       0.0907302         13.2607        0.856293         3.10145        0.272169
       0.0934243         13.6795        0.864542         3.02148        0.258536
       0.0960509         14.1114        0.872373         2.94136        0.245365
       0.0986114          14.557        0.879802         2.86136        0.232669
        0.101107         15.0167        0.886845         2.78173        0.220455
        0.103539         15.4908        0.893515         2.70269        0.208728
        0.105909           15.98        0.899828         2.62441        0.197487
        0.108219         16.4846        0.905799         2.54707        0.186729
        0.110468         17.0051        0.911443         2.47079        0.176448
        0.112659         17.5421        0.916775         2.39572        0.166637
        0.114793          18.096        0.921809         2.32193        0.157284
        0.116872         18.6674        0.926559         2.24952        0.148379
        0.118895         19.2569        0.931039         2.17855         0.13991
        0.120865         19.8649        0.935262         2.10909        0.131863
        0.122783         20.4922        0.939242         2.04117        0.124224
        0.124649         21.1393         0.94299         1.97483        0.116978
        0.126466         21.8068        0.946519          1.9101        0.110112
        0.128234         22.4954         0.94984         1.84699         0.10361
        0.129954         23.2057        0.952965         1.78551       0.0974564
        0.131628         23.9385        0.955903         1.72567       0.0916375
        0.133257         24.6944        0.958666         1.66745       0.0861382
        0.134841         25.4741        0.961262         1.61086        0.080944
        0.136381         26.2785        0.963702         1.55588       0.0760409
         0.13788         27.1083        0.965993         1.50249       0.0714148
        0.139337         27.9643        0.968145         1.45068       0.0670523
        0.140754         28.8473        0.970165         1.40043       0.0629404
        0.142132         29.7582        0.972061          1.3517       0.0590663
        0.143471         30.6979         0.97384         1.30447       0.0554179
        0.144773         31.6672        0.975509         1.25872       0.0519833
        0.146039         32.6671        0.977074         1.21441       0.0487513
         0.14727         33.6987        0.978542         1.17151       0.0457109
        0.148466         34.7628        0.979918         1.12999       0.0428518
        0.149628         35.8604        0.981208         1.08981        0.040164
        0.150757         36.9928        0.982417         1.05096        0.037638
        0.151855         38.1609         0.98355         1.01338       0.0352648
        0.152921         39.3659        0.984611        0.977046       0.0330358
        0.153958         40.6089        0.985605        0.941928       0.0309427
        0.154964         41.8912        0.986536        0.907991       0.0289777
        0.155942          43.214        0.987408        0.875202       0.0271336
        0.156892         44.5786        0.988224        0.843527       0.0254032
        0.157815         45.9862        0.988989        0.812935       0.0237798
        0.158711         47.4383        0.989704        0.783394       0.0222573
        0.159582         48.9363        0.990374        0.754873       0.0208296
        0.160427         50.4815           0.991        0.727341       0.0194911
        0.161248         52.0755        0.991586        0.700768       0.0182365
        0.162045         53.7199        0.992135        0.675125       0.0170608
        0.162819         55.4162        0.992648        0.650382       0.0159591
        0.163571         57.1661        0.993128        0.626513        0.014927
        0.164301         58.9712        0.993577        0.603489       0.0139603
         0.16501         60.8333        0.993996        0.581284        0.013055
        0.165698         62.7542        0.994389        0.559871       0.0122073
        0.166366         64.7358        0.994756        0.539224       0.0114137
        0.167014         66.7799        0.995099         0.51932       0.0106709
        0.167643         68.8886         0.99542        0.500133      0.00997562
        0.168254         71.0639         0.99572        0.481641        0.009325
        0.168847         73.3078           0.996        0.463819      0.00871624
        0.169423         75.6227        0.996262        0.446646      0.00814672
        0.169982         78.0106        0.996507          0.4301      0.00761397
        0.170524         80.4739        0.996736        0.414159      0.00711568
         0.17105          83.015         0.99695        0.398804      0.00664967
        0.171561         85.6363         0.99715        0.384013      0.00621391
        0.172056         88.3404        0.997337        0.369768      0.00580647
        0.172537         91.1299        0.997511         0.35605      0.00542554
        0.173004         94.0075        0.997674         0.34284      0.00506943
        0.173457         96.9759        0.997827         0.33012      0.00473657
        0.173896         100.038        0.997969        0.317874      0.00442544
        0.174322         103.197        0.998102        0.306084      0.00413467
        0.174736         106.456        0.998226        0.294734      0.00386293
        0.175137         109.817        0.998342        0.283808        0.003609
        0.175527         113.285        0.998451        0.273291      0.00337173
        0.175905         116.862        0.998552        0.263169      0.00315003
        0.176271         120.552        0.998647        0.253427      0.00294289
        0.176627         124.359        0.998735        0.244051      0.00274938
        0.176972         128.285        0.998818        0.235028      0.00256859
        0.177306         132.336        0.998895        0.226344       0.0023997
        0.177631         136.515        0.998967        0.217988      0.00224194
        0.177946         140.826        0.999035        0.209946      0.00209456
        0.178251         145.273        0.999098        0.202208      0.00195691
        0.178548          149.86        0.999156        0.194763      0.00182832
        0.178835         154.592        0.999211        0.187598      0.00170822
        0.179114         159.473        0.999263        0.180704      0.00159604
