# Egdf
        -1.89571       0.0230708      0.00499436       0.0122403       0.0050575       -0.738392        0.424195        0.047619        0.740061         1.48627
        -1.87684       0.0241489      0.00523067       0.0128131      0.00529218       -0.651094         0.54241       0.0952381        0.640489        0.758645
        -1.85798       0.0252775      0.00547794       0.0134118      0.00553729       -0.594322        0.639861        0.142857        0.575734        0.476041
        -1.83913       0.0264587      0.00573664       0.0140376      0.00579326       -0.501731        0.847785        0.190476        0.507614         0.22535
        -1.82028       0.0276952      0.00600729       0.0146916      0.00606051       -0.369703         1.31366        0.238095        0.431594       0.0706986
        -1.80145       0.0289894      0.00629042       0.0153749       0.0063395       -0.258798         2.00393        0.285714        0.478996       0.0288437
        -1.78262       0.0303441      0.00658656       0.0160887      0.00663068       -0.164391         3.07985        0.333333        0.602433       0.0125337
         -1.7638       0.0317622      0.00689629       0.0168344      0.00693453      -0.0845003         4.87613        0.380952        0.969488      0.00615659
        -1.74499       0.0332465       0.0072202       0.0176132      0.00725155      -0.0321413         7.23322        0.428571         1.94533      0.00429132
        -1.72619       0.0348001      0.00755889       0.0184265      0.00758223      -0.0199153         8.07632         0.47619         3.63701      0.00593525
         -1.7074       0.0364264      0.00791301       0.0192756      0.00792708     -0.00202775         9.66635         0.52381         6.14764        0.006108
        -1.68863       0.0381286      0.00828322       0.0201621      0.00828665     -0.00134151         9.73827        0.571429          6.0251      0.00586423
        -1.66986       0.0399105      0.00867019       0.0210873      0.00866146      0.00699496         10.6946        0.619048         8.74053      0.00655281
        -1.65111       0.0417755      0.00907464       0.0220528      0.00905208       0.0142993          11.681        0.666667         7.64411      0.00447595
        -1.63237       0.0437278       0.0094973       0.0230602      0.00945907       0.0157498         11.8966        0.714286         8.16738       0.0045428
        -1.61364       0.0457713      0.00993894       0.0241111      0.00988301       0.0249466         13.4508        0.761905         4.32811      0.00170272
        -1.59492       0.0479102       0.0104003       0.0252072       0.0103245       0.0597745         25.3511        0.809524         2.40404     0.000153581
        -1.57622       0.0501491       0.0108823       0.0263502       0.0107841       0.0679908         31.6162        0.857143         2.91603     9.79528e-05
        -1.55754       0.0524927       0.0113857       0.0275419       0.0112625       0.0913205         97.4961        0.904762         4.04214     4.89683e-06
        -1.53887       0.0549458       0.0119114       0.0287841       0.0117603       0.0950235         143.408        0.952381         4.22088      1.6211e-06
        -1.52022       0.0575135       0.0124603       0.0300786       0.0122781
        -1.50159       0.0602012       0.0130332       0.0314275       0.0128166
        -1.48297       0.0630145       0.0136313       0.0328327       0.0133764
        -1.46437       0.0659592       0.0142555       0.0342963       0.0139582
        -1.44579       0.0690416       0.0149067       0.0358202       0.0145627
        -1.42723        0.072268        0.015586       0.0374067       0.0151905
         -1.4087       0.0756452       0.0162946        0.039058       0.0158423
        -1.39018       0.0791803       0.0170335       0.0407763       0.0165188
        -1.37169       0.0828805       0.0178039        0.042564       0.0172206
        -1.35323       0.0867536       0.0186069       0.0444234       0.0179486
        -1.33479       0.0908078       0.0194438       0.0463569       0.0187033
        -1.31637       0.0950514       0.0203158       0.0483671       0.0194855
        -1.29799       0.0994933       0.0212242       0.0504566       0.0202959
        -1.27963        0.104143       0.0221702       0.0526279       0.0211351
         -1.2613         0.10901       0.0231552       0.0548837       0.0220038
        -1.24301        0.114104       0.0241806        0.057227       0.0229028
        -1.22475        0.119436       0.0252477       0.0596604       0.0238327
        -1.20652        0.125017       0.0263581        0.062187       0.0247941
        -1.18833         0.13086       0.0275131       0.0648098       0.0257878
        -1.17017        0.136975       0.0287142       0.0675319       0.0268145
        -1.15206        0.143376       0.0299629       0.0703565       0.0278747
        -1.13398        0.150076       0.0312609        0.073287       0.0289692
        -1.11595        0.157089       0.0326097       0.0763269       0.0300986
        -1.09796        0.164431       0.0340108       0.0794796       0.0312635
        -1.08002        0.172115        0.035466        0.082749       0.0324646
        -1.06213        0.180158       0.0369769       0.0861389       0.0337024
        -1.04428        0.188577       0.0385451       0.0896533       0.0349777
        -1.02649        0.197389       0.0401725       0.0932964        0.036291
        -1.00875        0.206614       0.0418607       0.0970726        0.037643
        -0.99107        0.216269       0.0436116        0.100987       0.0390342
       -0.973446        0.226376       0.0454269        0.105043       0.0404653
       -0.955882        0.236955       0.0473085        0.109247       0.0419368
       -0.938382        0.248028       0.0492583        0.113604       0.0434495
       -0.920947        0.259619        0.051278         0.11812       0.0450038
        -0.90358        0.271751       0.0533698          0.1228       0.0466005
       -0.886284         0.28445       0.0555354        0.127651       0.0482401
       -0.869061        0.297743       0.0577769         0.13268       0.0499232
       -0.851915        0.311657       0.0600963        0.137893       0.0516506
       -0.834847        0.326222       0.0624957        0.143299        0.053423
       -0.817861        0.341466        0.064977        0.148904       0.0552408
       -0.800961        0.357424       0.0675423        0.154718        0.057105
       -0.784148        0.374127       0.0701939         0.16075       0.0590161
       -0.767426         0.39161       0.0729339        0.167008       0.0609749
       -0.750799        0.409911       0.0757644        0.173504       0.0629822
       -0.734269        0.429067       0.0786878        0.180249       0.0650387
        -0.71784        0.449118       0.0817062        0.187253       0.0671452
       -0.701515        0.470106       0.0848219        0.194529       0.0693026
       -0.685299        0.492074       0.0880374         0.20209       0.0715115
       -0.669193         0.51507        0.091355         0.20995        0.073773
       -0.653203         0.53914        0.094777        0.218124       0.0760878
        -0.63733        0.564335        0.098306        0.226627       0.0784567
       -0.621581        0.590707        0.101945        0.235476       0.0808807
       -0.605957        0.618312        0.105695        0.244688       0.0833605
       -0.590462        0.647206         0.10956        0.254283        0.085897
       -0.575102        0.677452        0.113542         0.26428       0.0884909
       -0.559878         0.70911        0.117644          0.2747       0.0911431
       -0.544795        0.742248        0.121868        0.285564       0.0938541
       -0.529857        0.776934        0.126218        0.296897       0.0966246
       -0.515068        0.813242        0.130696        0.308722       0.0994553
       -0.500432        0.851246        0.135304        0.321065        0.102346
       -0.485951        0.891026        0.140045        0.333953        0.105298
       -0.471631        0.932665        0.144923        0.347415        0.108311
       -0.457474         0.97625         0.14994        0.361479        0.111385
       -0.443485         1.02187        0.155099        0.376177         0.11452
       -0.429667         1.06963        0.160402        0.391542        0.117715
       -0.416024         1.11961        0.165852        0.407606         0.12097
       -0.402559         1.17193        0.171453        0.424404        0.124284
       -0.389275          1.2267        0.177206        0.441973        0.127656
       -0.376177         1.28402        0.183114         0.46035        0.131084
       -0.363266         1.34403        0.189181        0.479573        0.134567
       -0.350546         1.40684        0.195407        0.499683        0.138101
       -0.338021         1.47258        0.201796        0.520718        0.141686
       -0.325693          1.5414         0.20835        0.542722        0.145316
       -0.313564         1.61343        0.215071        0.565737         0.14899
       -0.301637         1.68883         0.22196        0.589804        0.152702
       -0.289915         1.76775         0.22902        0.614969        0.156449
         -0.2784         1.85036        0.236251        0.641275        0.160224
       -0.267093         1.93683        0.243656        0.668765        0.164024
       -0.255997         2.02734        0.251235        0.697484         0.16784
       -0.245112         2.12208        0.258988        0.727475        0.171668
       -0.234442         2.22125        0.266916        0.758781        0.175498
       -0.223986         2.32505        0.275018        0.791444        0.179324
       -0.213745          2.4337        0.283296        0.825504        0.183137
       -0.203721         2.54744        0.291747           0.861        0.186927
       -0.193914         2.66648         0.30037         0.89797        0.190684
       -0.184324         2.79109        0.309164        0.936447          0.1944
       -0.174951         2.92152        0.318127        0.976464        0.198062
       -0.165796         3.05805        0.327255         1.01805        0.201661
       -0.156857         3.20096        0.336546         1.06123        0.205183
       -0.148134         3.35054        0.345996         1.10602        0.208618
       -0.139627         3.50712        0.355601         1.15244        0.211953
       -0.131334         3.67101        0.365356          1.2005        0.215175
       -0.123254         3.84257        0.375254         1.25021        0.218272
       -0.115386         4.02214        0.385292         1.30157        0.221231
       -0.107727          4.2101         0.39546         1.35457         0.22404
       -0.100277         4.40684        0.405754         1.40919        0.226686
      -0.0930327         4.61278        0.416164         1.46542        0.229157
      -0.0859921         4.82834        0.426683         1.52324         0.23144
      -0.0791529         5.05398        0.437302         1.58259        0.233525
      -0.0725125         5.29016        0.448012         1.64345          0.2354
      -0.0660681         5.53738        0.458802         1.70577        0.237056
       -0.059817         5.79615        0.469662         1.76948        0.238482
       -0.053756         6.06701        0.480582         1.83452         0.23967
      -0.0478822         6.35053        0.491551         1.90081        0.240612
      -0.0421921          6.6473        0.502557         1.96829        0.241302
      -0.0366826         6.95794        0.513589         2.03685        0.241734
      -0.0313501          7.2831        0.524634         2.10641        0.241905
      -0.0261911         7.62345        0.535682         2.17687         0.24181
      -0.0212021         7.97971        0.546718         2.24811        0.241449
      -0.0163794         8.35261        0.557733         2.32004         0.24082
      -0.0117192         8.74294        0.568712         2.39253        0.239926
     -0.00721792         9.15151        0.579645         2.46547        0.238767
     -0.00287168         9.57918        0.590518         2.53874        0.237349
       0.0013233         10.0268        0.601322         2.61221        0.235675
      0.00537082         10.4954        0.612042         2.68576        0.233753
      0.00927471         10.9859         0.62267         2.75928        0.231589
       0.0130388         11.4993        0.633193         2.83263        0.229193
       0.0166669         12.0366        0.643602         2.90571        0.226573
       0.0201627         12.5991        0.653887         2.97839        0.223741
       0.0235301         13.1879        0.664037         3.05055        0.220708
       0.0267728         13.8042        0.674044         3.12211        0.217485
       0.0298944         14.4493          0.6839         3.19294        0.214087
       0.0328987         15.1245        0.693598         3.26295        0.210527
       0.0357892         15.8313        0.703129         3.33206        0.206817
       0.0385696         16.5711        0.712487         3.40018        0.202973
       0.0412432         17.3455        0.721668         3.46724        0.199008
       0.0438136         18.1561        0.730664         3.53316        0.194937
       0.0462842         19.0046        0.739473         3.59789        0.190774
       0.0486582         19.8927        0.748089         3.66138        0.186533
       0.0509389         20.8223        0.756511         3.72359        0.182227
       0.0531295         21.7954        0.764734         3.78449        0.177871
       0.0552331         22.8139        0.772758         3.84403        0.173477
       0.0572528           23.88         0.78058         3.90222        0.169059
       0.0591915          24.996          0.7882         3.95904        0.164627
       0.0610521         26.1641        0.795618         4.01448        0.160193
       0.0628375         27.3868        0.802833         4.06856        0.155769
       0.0645503         28.6666        0.809847         4.12128        0.151363
       0.0661932         30.0063         0.81666         4.17266        0.146987
       0.0677689         31.4085        0.823274         4.22272        0.142648
       0.0692798         32.8763        0.829691          4.2715        0.138354
       0.0707284         34.4126        0.835913         4.31903        0.134114
        0.072117         36.0208        0.841942         4.36534        0.129932
       0.0734479         37.7041        0.847782         4.41048        0.125816
       0.0747235         39.4661        0.853436         4.45449        0.121771
       0.0759457         41.3104        0.858907         4.49742          0.1178
       0.0771167         43.2409        0.864198         4.53933        0.113909
       0.0782386         45.2616        0.869313         4.58025        0.110101
       0.0793132         47.3768        0.874256         4.62024        0.106378
       0.0803424         49.5908        0.879031         4.65937        0.102743
        0.081328         51.9082        0.883643         4.69767       0.0991969
       0.0822718          54.334        0.888094         4.73521       0.0957421
       0.0831755         56.8731         0.89239         4.77204       0.0923792
       0.0840406         59.5309        0.896534         4.80821       0.0891087
       0.0848688         62.3128        0.900531         4.84377       0.0859306
       0.0856616         65.2248        0.904384         4.87878        0.082845
       0.0864204         68.2729          0.9081         4.91328       0.0798513
       0.0871466         71.4634         0.91168         4.94731       0.0769488
       0.0878416          74.803         0.91513         4.98094       0.0741366
       0.0885066         78.2986        0.918453         5.01419       0.0714134
        0.089143         81.9577        0.921654          5.0471       0.0687779
       0.0897518         85.7877        0.924737         5.07972       0.0662287
       0.0903343         89.7967        0.927705         5.11208        0.063764
       0.0908915          93.993        0.930563         5.14421       0.0613821
       0.0914246         98.3855        0.933314         5.17613       0.0590811
       0.0919345         102.983        0.935961         5.20788       0.0568592
       0.0924222         107.796        0.938509         5.23948       0.0547143
       0.0928887         112.833         0.94096         5.27094       0.0526443
       0.0933348         118.106        0.943318         5.30229       0.0506473
       0.0937615         123.625        0.945587         5.33353       0.0487211
       0.0941695         129.403         0.94777         5.36469       0.0468637
       0.0945597          135.45        0.949869         5.39575       0.0450729
       0.0949328          141.78        0.951888         5.42674       0.0433467
       0.0952896         148.405         0.95383         5.45764        0.041683
       0.0956307          155.34        0.955697         5.48847       0.0400797
       0.0959569           162.6        0.957492         5.51921        0.038535
       0.0962687         170.198        0.959217         5.54986       0.0370467
       0.0965668         178.152        0.960876         5.58042       0.0356131
       0.0968518         186.477        0.962471         5.61086       0.0342322
       0.0971243         195.192        0.964004         5.64119       0.0329022
       0.0973848         204.313        0.965477         5.67139       0.0316212
       0.0976338         213.861        0.966893         5.70143       0.0303877
       0.0978718         223.855        0.968254         5.73131       0.0291998
       0.0980993         234.316        0.969561         5.76101       0.0280561
       0.0983168         245.266        0.970817          5.7905       0.0269548
       0.0985247         256.728        0.972024         5.81977       0.0258944
       0.0987234         268.725        0.973183         5.84879       0.0248736
       0.0989133         281.283        0.974297         5.87755       0.0238909
       0.0990948         294.428        0.975366         5.90602       0.0229448
       0.0992683         308.187        0.976393         5.93419       0.0220341
       0.0994341         322.589        0.977379         5.96203       0.0211576
       0.0995925         337.664        0.978326         5.98951       0.0203139
        0.099744         353.444        0.979235         6.01662       0.0195019
       0.0998887         369.961        0.980108         6.04334       0.0187205
        0.100027          387.25        0.980946         6.06965       0.0179685
        0.100159         405.347         0.98175         6.09553        0.017245
        0.100286         424.289        0.982522         6.12096       0.0165488
        0.100406         444.117        0.983262         6.14592        0.015879
        0.100522         464.871        0.983972         6.17039       0.0152348
        0.100632         486.595        0.984654         6.19437        0.014615
        0.100737         509.335        0.985308         6.21783        0.014019
        0.100838         533.137        0.985935         6.24077       0.0134457
        0.100934         558.051        0.986536         6.26316       0.0128945
        0.101026          584.13        0.987113         6.28501       0.0123645
        0.101114         611.427        0.987666          6.3063        0.011855
        0.101198             640        0.988196         6.32702       0.0113653
        0.101278         669.908        0.988705         6.34717       0.0108945
        0.101355         701.214        0.989192         6.36673       0.0104421
        0.101428         733.983        0.989659         6.38572       0.0100074
        0.101498         768.284        0.990106         6.40411      0.00958981
        0.101565         804.187        0.990535         6.42191      0.00918862
        0.101629         841.768        0.990946         6.43913      0.00880327
         0.10169         881.105        0.991339         6.45575      0.00843319
        0.101748          922.28        0.991716         6.47179      0.00807783
        0.101804          965.38        0.992077         6.48723      0.00773665
        0.101857         1010.49        0.992423          6.5021      0.00740913
        0.101908         1057.72        0.992754         6.51638      0.00709476
        0.101956         1107.14        0.993071         6.53009      0.00679307
        0.102003         1158.88        0.993375         6.54324      0.00650357
        0.102047         1213.04        0.993666         6.55582      0.00622583
         0.10209         1269.73        0.993944         6.56784      0.00595939
         0.10213         1329.06         0.99421         6.57932      0.00570384
        0.102169         1391.17        0.994465         6.59026      0.00545876
        0.102206         1456.18        0.994709         6.60068      0.00522376
        0.102241         1524.23        0.994942         6.61057      0.00499845
        0.102275         1595.46        0.995166         6.61996      0.00478246
        0.102307         1670.02        0.995379         6.62885      0.00457543
        0.102338         1748.07        0.995584         6.63726      0.00437703
        0.102367         1829.76        0.995779         6.64518       0.0041869
        0.102396         1915.26        0.995966         6.65265      0.00400474
        0.102422         2004.77        0.996145         6.65966      0.00383023
        0.102448         2098.45        0.996316         6.66623      0.00366307
        0.102473         2196.52         0.99648         6.67238      0.00350296
        0.102496         2299.16        0.996636         6.67811      0.00334963
        0.102518         2406.61        0.996786         6.68343      0.00320281
         0.10254         2519.07        0.996929         6.68837      0.00306224
         0.10256         2636.79        0.997066         6.69293      0.00292766
