# Egdf
        -1.20527      0.00370229     0.000576732       0.0364972       0.0010403       -0.996268       0.0319632        0.030303        0.452413           100.6
        -1.20429      0.00382962     0.000613005       0.0375205      0.00110583       -0.888116       0.0474991       0.0606061        0.349385         50.1612
        -1.20327      0.00396133     0.000651563        0.038572      0.00117547       -0.854657       0.0524371       0.0909091        0.323561         41.5442
        -1.20222      0.00409757     0.000692548       0.0396526      0.00124945       -0.695569       0.0767996        0.121212        0.239901         19.7898
        -1.20114       0.0042385     0.000736113       0.0407628      0.00132806       -0.622513       0.0884938        0.151515         0.16617         11.5684
        -1.20002      0.00438427     0.000782417       0.0419035      0.00141157       -0.419646        0.122734        0.181818        0.317975         14.7695
        -1.19886      0.00453505     0.000831633       0.0430753      0.00150029       -0.348458        0.135393        0.212121         0.47595          19.502
        -1.19767      0.00469102      0.00088394       0.0442788      0.00159452       -0.281499        0.147618        0.242424         0.67329         24.6635
        -1.19643      0.00485235     0.000939532       0.0455149      0.00169459       -0.248872         0.15369        0.272727        0.797309         27.7047
        -1.19515      0.00501924     0.000998612       0.0467842      0.00180088       -0.241252        0.155119         0.30303        0.732187         25.1342
        -1.19382      0.00519186       0.0010614       0.0480875      0.00191374        -0.17103        0.168485        0.333333        0.708879         21.8099
        -1.19245      0.00537042      0.00112811       0.0494254      0.00203357       -0.128844        0.176689        0.363636        0.678491         19.5871
        -1.19104      0.00555512        0.001199       0.0507987      0.00216078       -0.117391         0.17894        0.393939        0.651755         18.4975
        -1.18958      0.00574617      0.00127433       0.0522081      0.00229582      -0.0349109         0.19544        0.424242        0.584608         14.7193
        -1.18807      0.00594379      0.00135436       0.0536543      0.00243915      0.00671256        0.203966        0.454545        0.405659         9.63217
         -1.1865      0.00614821      0.00143938        0.055138      0.00259126       0.0624119         0.21559        0.484848        0.262351         5.76929
        -1.18489      0.00635966       0.0015297         0.05666      0.00275266        0.242449        0.254903        0.515152        0.338055         5.86919
        -1.18322      0.00657838      0.00162565        0.058221      0.00292391         0.28971        0.265679        0.545455        0.494458         8.08886
        -1.18149      0.00680462      0.00172756       0.0598216      0.00310556           0.333        0.275722        0.575758        0.675599         10.4747
        -1.17971      0.00703865       0.0018358       0.0614625      0.00329824        0.366045        0.283501        0.606061        0.503562         7.49779
        -1.17786      0.00728072      0.00195074       0.0631446      0.00350257        0.442337        0.301841        0.636364        0.403484         5.48039
        -1.17595      0.00753112       0.0020728       0.0648684      0.00371922        0.579607        0.336218        0.666667        0.266952          3.0887
        -1.17398      0.00779013      0.00220241       0.0666346       0.0039489        0.631603        0.349718         0.69697        0.251922          2.7471
        -1.17194      0.00805805      0.00234002        0.068444      0.00419236        0.817132        0.400135        0.727273        0.172855         1.53456
        -1.16984      0.00833518       0.0024861       0.0702972      0.00445037         1.00204        0.454072        0.757576        0.125536        0.915043
        -1.16766      0.00862185      0.00264116       0.0721948      0.00472376         1.70517        0.697822        0.787879       0.0324008        0.117441
        -1.16541      0.00891837      0.00280574       0.0741376       0.0050134         2.21826        0.921948        0.818182        0.032912        0.074205
        -1.16309      0.00922509       0.0029804       0.0761262      0.00532019         2.91206         1.30419        0.848485       0.0746365        0.091234
        -1.16069      0.00954236      0.00316573       0.0781612      0.00564508         3.09227         1.42122        0.878788        0.080865       0.0846667
         -1.1582      0.00987054      0.00336237       0.0802434      0.00598909         3.27321         1.54712        0.909091       0.0809639        0.072665
        -1.15564         0.01021      0.00357099       0.0823733      0.00635327         4.03872         2.18762        0.939394       0.0662748       0.0313897
        -1.15299       0.0105612      0.00379227       0.0845517      0.00673873          4.2331         2.38237        0.969697       0.0586542       0.0236816
        -1.15025       0.0109244      0.00402697       0.0867791      0.00714663
        -1.14742       0.0113001      0.00427585       0.0890564      0.00757819
        -1.14449       0.0116887      0.00453974        0.091384      0.00803471
        -1.14147       0.0120907      0.00481951       0.0937629      0.00851754
        -1.13835       0.0125065      0.00511608       0.0961936      0.00902809
        -1.13512       0.0129367      0.00543039       0.0986769      0.00956786
        -1.13179       0.0133816      0.00576348        0.101214       0.0101384
        -1.12835       0.0138418       0.0061164        0.103805       0.0107414
        -1.12479       0.0143179      0.00649028        0.106451       0.0113786
        -1.12112       0.0148103      0.00688631        0.109153       0.0120517
        -1.11732       0.0153196      0.00730573        0.111912       0.0127628
         -1.1134       0.0158465      0.00774987        0.114729       0.0135138
        -1.10935       0.0163915      0.00822011        0.117605       0.0143068
        -1.10517       0.0169552      0.00871791        0.120542       0.0151441
        -1.10086       0.0175384       0.0092448         0.12354       0.0160282
         -1.0964       0.0181415      0.00980241        0.126602       0.0169613
        -1.09179       0.0187655       0.0103924        0.129728       0.0179462
        -1.08704       0.0194108       0.0110167         0.13292       0.0189857
        -1.08213       0.0200784        0.011677        0.136181       0.0200826
        -1.07707        0.020769       0.0123755        0.139511       0.0212401
        -1.07184       0.0214832       0.0131142        0.142914       0.0224615
        -1.06644       0.0222221       0.0138953         0.14639       0.0237501
        -1.06086       0.0229864       0.0147212        0.149944       0.0251097
        -1.05511       0.0237769       0.0155942        0.153576        0.026544
        -1.04917       0.0245946       0.0165172        0.157291       0.0280572
        -1.04304       0.0254405       0.0174926         0.16109       0.0296536
        -1.03672       0.0263155       0.0185235        0.164978       0.0313378
         -1.0302       0.0272205        0.019613        0.168956       0.0331146
        -1.02346       0.0281567       0.0207641        0.173029        0.034989
        -1.01652        0.029125       0.0219804        0.177201       0.0369666
        -1.00935       0.0301267       0.0232653        0.181474       0.0390529
        -1.00196       0.0311628       0.0246227        0.185853        0.041254
        -0.99434       0.0322346       0.0260566        0.190342       0.0435762
       -0.986479       0.0333432       0.0275711        0.194944       0.0460262
       -0.978371       0.0344899       0.0291707        0.199665       0.0486109
       -0.970011       0.0356761       0.0308602        0.204507       0.0513379
       -0.961392       0.0369031       0.0326443        0.209475       0.0542146
       -0.952506       0.0381723       0.0345283        0.214574       0.0572493
       -0.943346       0.0394851       0.0365178        0.219807       0.0604502
       -0.933905        0.040843       0.0386184        0.225178       0.0638263
       -0.924175       0.0422477       0.0408363        0.230691       0.0673864
       -0.914148       0.0437007       0.0431778        0.236348       0.0711401
       -0.903816       0.0452037       0.0456496        0.242153       0.0750969
       -0.893172       0.0467583       0.0482588        0.248109       0.0792667
       -0.882208       0.0483664       0.0510128        0.254216       0.0836596
       -0.870914       0.0500298       0.0539192        0.260477        0.088286
       -0.859283       0.0517505       0.0569861        0.266892       0.0931559
       -0.847307       0.0535303        0.060222         0.27346       0.0982799
       -0.834975       0.0553713       0.0636355         0.28018        0.103668
       -0.822281       0.0572756       0.0672359        0.287049         0.10933
       -0.809215       0.0592455       0.0710325        0.294063        0.115276
       -0.795767        0.061283        0.075035        0.301217        0.121515
        -0.78193       0.0633907       0.0792537        0.308505        0.128056
       -0.767693       0.0655708       0.0836987        0.315917        0.134906
       -0.753048       0.0678259       0.0883806        0.323443        0.142072
       -0.737984       0.0701586       0.0933103         0.33107        0.149559
       -0.722494       0.0725715       0.0984986        0.338784        0.157373
       -0.706567       0.0750674        0.103957        0.346569        0.165514
       -0.690193       0.0776491        0.109696        0.354405        0.173985
       -0.673364       0.0803196        0.115727         0.36227        0.182782
       -0.656068        0.083082         0.12206         0.37014        0.191902
       -0.638298       0.0859393        0.128708        0.377988        0.201338
       -0.620043       0.0888949         0.13568        0.385787         0.21108
       -0.601293       0.0919522        0.142986        0.393503        0.221115
       -0.582039       0.0951146        0.150637        0.401103        0.231427
        -0.56227       0.0983858         0.15864         0.40855        0.241994
       -0.541978         0.10177        0.167005        0.415805        0.252793
       -0.521152         0.10527        0.175738        0.422829        0.263794
       -0.499783         0.10889        0.184846         0.42958        0.274967
       -0.477861        0.112635        0.194335        0.436013        0.286273
       -0.455378        0.116509        0.204207        0.442084        0.297671
       -0.432322        0.120516        0.214466         0.44775        0.309116
       -0.408686         0.12466        0.225112        0.452963         0.32056
       -0.384459        0.128948        0.236144        0.457681        0.331948
       -0.359634        0.133383         0.24756        0.461859        0.343225
         -0.3342         0.13797        0.259354        0.465456         0.35433
       -0.308149        0.142715         0.27152        0.468431        0.365202
       -0.281473        0.147623        0.284048        0.470749        0.375778
       -0.254162          0.1527        0.296929        0.472373         0.38599
       -0.226209        0.157952        0.310147        0.473276        0.395774
       -0.197606        0.163384        0.323688        0.473431        0.405064
       -0.168345        0.169003        0.337534        0.472817        0.413795
       -0.138418        0.174816        0.351665        0.471419        0.421904
       -0.107818        0.180828        0.366059        0.469227        0.429331
       -0.076538        0.187047        0.380692        0.466237        0.436019
      -0.0445712         0.19348        0.395537        0.462451        0.441916
      -0.0119111        0.200134        0.410568        0.457878        0.446976
       0.0214484        0.207017        0.425755        0.452533        0.451158
       0.0555131        0.214137        0.441069        0.446435        0.454428
       0.0902885        0.221502        0.456477        0.439613        0.456758
         0.12578        0.229119        0.471947        0.432099         0.45813
        0.161992        0.236999        0.487448        0.423931        0.458533
        0.198929         0.24515        0.502946         0.41515        0.457963
        0.236595        0.253581        0.518408        0.405806        0.456428
        0.274994        0.262303        0.533802        0.395948        0.453941
        0.314129        0.271324        0.549097         0.38563        0.450524
        0.354003        0.280655         0.56426         0.37491        0.446206
        0.394618        0.290307        0.579263        0.363844        0.441025
        0.435977        0.300292        0.594076        0.352493        0.435025
         0.47808        0.310619        0.608674        0.340916        0.428255
         0.52093        0.321302         0.62303        0.329171        0.420769
        0.564527        0.332352        0.637122        0.317316        0.412628
        0.608871        0.343783        0.650928        0.305407        0.403892
        0.653963        0.355606         0.66443        0.293498        0.394628
        0.699801        0.367836        0.677611         0.28164          0.3849
        0.746385        0.380487        0.690456         0.26988        0.374776
        0.793713        0.393572        0.702953        0.258263        0.364323
        0.841785        0.407108        0.715091        0.246828        0.353606
        0.890596        0.421109        0.726864        0.235612         0.34269
        0.940146        0.435592        0.738265        0.224647        0.331634
         0.99043        0.450573        0.749291        0.213961        0.320499
         1.04145        0.466069        0.759939        0.203578        0.309338
         1.09319        0.482098        0.770211        0.193517        0.298203
         1.14566        0.498679        0.780107        0.183795        0.287142
         1.19884        0.515829        0.789631        0.174423        0.276197
         1.25274         0.53357        0.798787        0.165411        0.265407
         1.30735         0.55192        0.807582        0.156764        0.254806
         1.36266        0.570902        0.816022        0.148485        0.244424
         1.41867        0.590536        0.824114        0.140574        0.234287
         1.47537        0.610846        0.831869        0.133028        0.224416
         1.53276        0.631854        0.839294        0.125843        0.214829
         1.59082        0.653585        0.846401        0.119013        0.205541
         1.64955        0.676063        0.853198        0.112529        0.196562
         1.70895        0.699314        0.859697        0.106383        0.187899
           1.769        0.723365        0.865909        0.100563        0.179558
         1.82969        0.748243        0.871844       0.0950601         0.17154
         1.89103        0.773977        0.877513       0.0898608        0.163846
           1.953        0.800596        0.882928       0.0849533        0.156472
         2.01559         0.82813        0.888099       0.0803249        0.149416
         2.07879        0.856611        0.893036       0.0759628        0.142671
          2.1426        0.886071        0.897751       0.0718542         0.13623
         2.20701        0.916545        0.902253       0.0679863        0.130086
           2.272        0.948067        0.906551       0.0643463        0.124229
         2.33757        0.980673        0.910657        0.060922         0.11865
         2.40371          1.0144        0.914578       0.0577011        0.113338
          2.4704         1.04929        0.918325        0.054672        0.108284
         2.53765         1.08537        0.921904       0.0518232        0.103476
         2.60543          1.1227        0.925325       0.0491439       0.0989033
         2.67375         1.16132        0.928595       0.0466235        0.094555
         2.74258         1.20126        0.931722       0.0442521       0.0904201
         2.81193         1.24257        0.934713       0.0420201       0.0864879
         2.88177          1.2853        0.937573       0.0399185       0.0827478
         2.95211         1.32951        0.940311       0.0379388       0.0791896
         3.02293         1.37523        0.942931       0.0360729       0.0758032
         3.09422         1.42253        0.945439       0.0343131        0.072579
         3.16597         1.47145        0.947841       0.0326525       0.0695079
         3.23818         1.52206        0.950141       0.0310843        0.066581
         3.31082         1.57441        0.952345       0.0296022         0.06379
          3.3839         1.62855        0.954457       0.0282005       0.0611268
         3.45741         1.68456         0.95648       0.0268737        0.058584
         3.53133          1.7425         0.95842       0.0256168       0.0561544
         3.60565         1.80243        0.960279       0.0244252       0.0538315
         3.68037         1.86441        0.962061       0.0232944       0.0516089
         3.75548         1.92854         0.96377       0.0222205       0.0494809
         3.83096         1.99486        0.965409       0.0211999        0.047442
         3.90681         2.06347         0.96698        0.020229       0.0454873
         3.98303         2.13444        0.968486       0.0193048        0.043612
         4.05959         2.20784         0.96993       0.0184243       0.0418119
          4.1365         2.28378        0.971314       0.0175849        0.040083
         4.21374         2.36232        0.972641       0.0167841       0.0384215
         4.29131         2.44356        0.973913       0.0160197       0.0368242
         4.36919          2.5276        0.975132       0.0152897       0.0352878
         4.44739         2.61453          0.9763       0.0145921       0.0338096
         4.52588         2.70445        0.977419       0.0139251       0.0323869
         4.60467         2.79746        0.978491       0.0132872       0.0310173
         4.68375         2.89367        0.979518       0.0126769       0.0296985
          4.7631         2.99319          0.9805       0.0120929       0.0284285
         4.84273         3.09614        0.981441       0.0115338       0.0272054
         4.92262         3.20262        0.982341       0.0109985       0.0260275
         5.00276         3.31276        0.983201       0.0104859       0.0248931
         5.08316          3.4267        0.984025      0.00999507       0.0238007
          5.1638         3.54455        0.984811      0.00952502       0.0227489
         5.24467         3.66645        0.985563      0.00907488       0.0217364
         5.32578         3.79255        0.986282      0.00864385       0.0207619
         5.40711         3.92298        0.986968      0.00823115       0.0198242
         5.48865          4.0579        0.987623      0.00783606       0.0189223
         5.57041         4.19746        0.988248      0.00745791       0.0180551
         5.65237         4.34182        0.988844      0.00709604       0.0172214
         5.73454         4.49114        0.989413      0.00674983       0.0164204
         5.81689          4.6456        0.989955       0.0064187       0.0156511
         5.89943         4.80537        0.990472      0.00610208       0.0149125
         5.98216         4.97064        0.990964      0.00579943       0.0142037
         6.06506         5.14159        0.991433      0.00551023       0.0135238
         6.14814         5.31842        0.991879      0.00523397       0.0128721
         6.23138         5.50133        0.992303      0.00497018       0.0122475
         6.31479         5.69053        0.992707      0.00471838       0.0116493
         6.39835         5.88624        0.993092      0.00447812       0.0110766
         6.48206         6.08868        0.993457      0.00424895       0.0105287
         6.56592         6.29809        0.993804      0.00403045       0.0100047
         6.64993         6.51469        0.994134       0.0038222      0.00950373
         6.73408         6.73874        0.994447       0.0036238      0.00902513
         6.81836          6.9705        0.994744      0.00343486      0.00856808
         6.90277         7.21023        0.995027      0.00325499      0.00813183
         6.98731         7.45821        0.995294      0.00308382      0.00771562
         7.07197         7.71471        0.995549      0.00292099      0.00731872
         7.15675         7.98003         0.99579      0.00276616       0.0069404
         7.24165         8.25448        0.996018      0.00261898      0.00657996
         7.32666         8.53837        0.996235      0.00247913       0.0062367
         7.41178         8.83203         0.99644      0.00234628      0.00590993
           7.497         9.13578        0.996635      0.00222013        0.005599
         7.58233         9.44997        0.996819      0.00210038      0.00530325
         7.66775         9.77498        0.996993      0.00198674      0.00502206
         7.75328         10.1112        0.997159      0.00187894      0.00475481
         7.83889         10.4589        0.997315       0.0017767      0.00450089
         7.92459         10.8186        0.997463      0.00167977      0.00425974
         8.01039         11.1907        0.997603      0.00158789      0.00403078
         8.09626         11.5756        0.997736      0.00150083      0.00381347
         8.18222         11.9737        0.997861      0.00141835      0.00360728
         8.26826         12.3855         0.99798      0.00134023       0.0034117
         8.35437         12.8114        0.998092      0.00126627      0.00322625
         8.44056          13.252        0.998198      0.00119625      0.00305044
         8.52682         13.7078        0.998299      0.00112998      0.00288381
         8.61315         14.1792        0.998393      0.00106727      0.00272594
         8.69955         14.6669        0.998483      0.00100794      0.00257639
         8.78602         15.1713        0.998568     0.000951827      0.00243477
         8.87254         15.6931        0.998648     0.000898758      0.00230067
         8.95913         16.2328        0.998723     0.000848579      0.00217374
         9.04578         16.7911        0.998795      0.00080114       0.0020536
         9.13248         17.3686        0.998862     0.000756299      0.00193992
         9.21925         17.9659        0.998926      0.00071392      0.00183237
         9.30606         18.5838        0.998986     0.000673873      0.00173064
         9.39293         19.2229        0.999043     0.000636036      0.00163443
         9.47984          19.884        0.999097      0.00060029      0.00154345
         9.56681         20.5679        0.999148     0.000566524      0.00145744
