# Egdf
        -1.36592      0.00150735     0.000559454       0.0572146     0.000904183        -1.20173       0.0175226        0.027027    2.22507e-308    1.27336e-305
         -1.3653      0.00156648     0.000595353       0.0586012     0.000962265         -1.0397         0.03404       0.0540541        0.563347         158.824
        -1.36466      0.00162794     0.000633558       0.0600206      0.00102406        -1.02352       0.0357302       0.0810811        0.592244         158.376
        -1.36399       0.0016918     0.000674217       0.0614735       0.0010898       -0.963363       0.0420776        0.108108        0.627362         140.156
         -1.3633      0.00175817     0.000717484       0.0629606      0.00115973       -0.957789        0.042671        0.135135        0.562457         123.721
        -1.36257      0.00182715     0.000763528       0.0644824      0.00123411       -0.724329       0.0683478        0.162162        0.146837         18.9284
        -1.36182      0.00189883     0.000812524       0.0660396      0.00131323        -0.70318       0.0707551        0.189189    2.22507e-308    2.75486e-306
        -1.36104      0.00197332     0.000864661       0.0676328      0.00139738       -0.567887       0.0864859        0.216216         1.85326         180.957
        -1.36023      0.00205073     0.000920137       0.0692627      0.00148687       -0.553558        0.088186        0.243243        0.864496         82.4635
        -1.35939      0.00213118     0.000979165       0.0709299      0.00158204       -0.544895        0.089217         0.27027        0.770551         72.4823
        -1.35851      0.00221479      0.00104197        0.072635      0.00168322       -0.541318       0.0896435        0.297297         1.63831         153.227
        -1.35761      0.00230168      0.00110879       0.0743786      0.00179081       -0.448702         0.10083        0.324324        0.419565         34.0223
        -1.35666      0.00239198      0.00117988       0.0761613      0.00190518       -0.286911        0.121058        0.351351        0.122626         7.92676
        -1.35568      0.00248582      0.00125551       0.0779836      0.00202676       -0.260077          0.1245        0.378378       0.0598064         3.73187
        -1.35466      0.00258334      0.00133596       0.0798463      0.00215598       0.0242782         0.16255        0.405405        0.611455         27.0551
         -1.3536      0.00268468      0.00142154       0.0817498      0.00229332       0.0673789        0.168578        0.432432        0.531584         22.4166
         -1.3525         0.00279      0.00151257       0.0836947      0.00243926       0.0854379        0.171124        0.459459        0.757425         31.3112
        -1.35136      0.00289946      0.00160938       0.0856815      0.00259432        0.114725        0.175281        0.486486        0.621525         24.8856
        -1.35017       0.0030132      0.00171235       0.0877108      0.00275907        0.197837        0.187258        0.513514        0.238333          8.7334
        -1.34894      0.00313141      0.00182186       0.0897831      0.00293407        0.262999        0.196838        0.540541         0.33026         11.3113
        -1.34765      0.00325426       0.0019383       0.0918988      0.00311994        0.354314        0.210552        0.567568        0.476734         14.8914
        -1.34632      0.00338193      0.00206212       0.0940584      0.00331734        0.376974        0.214008        0.594595        0.380837         11.6321
        -1.34494       0.0035146      0.00219377       0.0962624      0.00352694        0.431797        0.222458        0.621622        0.300885          8.7106
         -1.3435      0.00365248      0.00233372       0.0985112      0.00374947        0.603956        0.249824        0.648649        0.195374         4.80687
        -1.34201      0.00379577       0.0024825        0.100805      0.00398568        0.666231        0.260042        0.675676        0.278106         6.46346
        -1.34046      0.00394468      0.00264065        0.103145      0.00423639        0.741006         0.27254        0.702703        0.416039         9.04059
        -1.33885      0.00409943      0.00280874         0.10553      0.00450244        0.829101        0.287594         0.72973        0.281956         5.66923
        -1.33717      0.00426026      0.00298737        0.107962      0.00478473        0.855714        0.292213        0.756757        0.228769         4.49456
        -1.33544      0.00442739       0.0031772         0.11044      0.00508418         1.21128        0.357232        0.783784       0.0880149         1.28451
        -1.33363      0.00460108      0.00337889        0.112965      0.00540179         2.27181        0.592906        0.810811       0.0157218        0.103704
        -1.33176      0.00478158      0.00359317        0.115537      0.00573861         3.48029        0.958533        0.837838       0.0268975       0.0790882
        -1.32981      0.00496917       0.0038208        0.118157      0.00609573         4.44679         1.35057        0.864865       0.0394772       0.0633949
        -1.32778      0.00516411      0.00406258        0.120824       0.0064743         4.62224         1.43342        0.891892       0.0424638       0.0612654
        -1.32568       0.0053667      0.00431936        0.123538      0.00687553         5.53317         1.93304        0.918919       0.0615515       0.0514428
         -1.3235      0.00557724      0.00459204          0.1263      0.00730071         5.82996         2.12434        0.945946       0.0691744       0.0485411
        -1.32123      0.00579604      0.00488156        0.129111      0.00775117         6.17631         2.36793        0.972973       0.0789429       0.0452435
        -1.31888      0.00602342      0.00518892        0.131969      0.00822832
        -1.31643      0.00625972      0.00551518        0.134875      0.00873364
        -1.31389       0.0065053      0.00586146        0.137829      0.00926867
        -1.31126       0.0067605      0.00622891        0.140831      0.00983507
        -1.30852      0.00702572       0.0066188        0.143881       0.0104345
        -1.30567      0.00730134      0.00703241        0.146979       0.0110688
        -1.30272      0.00758778      0.00747114        0.150126       0.0117399
        -1.29965      0.00788545      0.00793643        0.153319       0.0124496
        -1.29647       0.0081948       0.0084298        0.156561       0.0132002
        -1.29316      0.00851629      0.00895288         0.15985       0.0139937
        -1.28973      0.00885039      0.00950736        0.163186       0.0148324
        -1.28617       0.0091976        0.010095         0.16657       0.0157187
        -1.28247      0.00955842       0.0107177            0.17       0.0166551
        -1.27862      0.00993341       0.0113775        0.173478       0.0176441
        -1.27464       0.0103231       0.0120764        0.177002       0.0186886
         -1.2705       0.0107281       0.0128165        0.180572       0.0197912
         -1.2662       0.0111489       0.0136003        0.184188       0.0209551
        -1.26174       0.0115863       0.0144301         0.18785       0.0221833
        -1.25711       0.0120409       0.0153084        0.191557       0.0234791
         -1.2523       0.0125132        0.016238         0.19531       0.0248458
        -1.24732       0.0130041       0.0172215        0.199107       0.0262869
        -1.24214       0.0135143       0.0182621        0.202948       0.0278062
        -1.23677       0.0140445       0.0193626        0.206833       0.0294074
         -1.2312       0.0145954       0.0205264        0.210762       0.0310945
        -1.22541        0.015168       0.0217568        0.214733       0.0328717
        -1.21941       0.0157631       0.0230574        0.218747       0.0347433
        -1.21319       0.0163815        0.024432        0.222803       0.0367137
        -1.20673       0.0170241       0.0258843          0.2269       0.0387877
        -1.20003        0.017692       0.0274185        0.231038         0.04097
        -1.19308       0.0183861       0.0290389        0.235216       0.0432656
        -1.18587       0.0191074       0.0307498        0.239433       0.0456796
        -1.17839        0.019857        0.032556        0.243688       0.0482175
        -1.17064        0.020636       0.0344623         0.24798       0.0508847
         -1.1626       0.0214455       0.0364739        0.252309       0.0536868
        -1.15426       0.0222868       0.0385959        0.256673       0.0566298
        -1.14561       0.0231612       0.0408341         0.26107       0.0597196
        -1.13665       0.0240698        0.043194        0.265499       0.0629622
        -1.12736       0.0250141       0.0456818        0.269959       0.0663639
        -1.11773       0.0259954       0.0483036        0.274446        0.069931
        -1.10774       0.0270152       0.0510659         0.27896         0.07367
         -1.0974        0.028075       0.0539756        0.283496       0.0775871
        -1.08668       0.0291764       0.0570395        0.288052        0.081689
        -1.07557        0.030321       0.0602649        0.292624       0.0859819
        -1.06406       0.0315105       0.0636593        0.297208       0.0904722
        -1.05214       0.0327467       0.0672304          0.3018        0.095166
        -1.03979       0.0340314       0.0709861        0.306394        0.100069
          -1.027       0.0353665       0.0749346        0.310984        0.105188
        -1.01375       0.0367539       0.0790843        0.315564        0.110527
        -1.00004       0.0381958       0.0834438        0.320126        0.116091
       -0.985836       0.0396942       0.0880217        0.324662        0.121884
       -0.971137       0.0412515       0.0928271        0.329162        0.127911
       -0.955924       0.0428698       0.0978689        0.333617        0.134174
        -0.94018       0.0445516        0.103156        0.338016        0.140674
       -0.923889       0.0462994        0.108698        0.342346        0.147413
       -0.907035       0.0481157        0.114505        0.346596        0.154391
       -0.889601       0.0500033        0.120584        0.350751        0.161606
        -0.87157        0.051965        0.126945        0.354796        0.169054
       -0.852924       0.0540036        0.133597        0.358716        0.176732
       -0.833647       0.0561222        0.140549        0.362494        0.184632
       -0.813719       0.0583239         0.14781        0.366113        0.192747
       -0.793123        0.060612        0.155386        0.369555        0.201066
        -0.77184       0.0629899        0.163286        0.372801        0.209577
       -0.749851        0.065461        0.171518         0.37583        0.218264
       -0.727138       0.0680291        0.180086        0.378625         0.22711
       -0.703681       0.0706979        0.188998        0.381162        0.236096
       -0.679461       0.0734714        0.198258        0.383423        0.245198
       -0.654458       0.0763537         0.20787        0.385385        0.254391
       -0.628653       0.0793491        0.217837        0.387027        0.263647
       -0.602025        0.082462        0.228161        0.388329        0.272935
       -0.574554       0.0856971        0.238842        0.389269        0.282219
       -0.546221        0.089059         0.24988        0.389827        0.291464
       -0.517006       0.0925529        0.261273        0.389984        0.300629
       -0.486887       0.0961838        0.273016        0.389719        0.309672
       -0.455845       0.0999571        0.285103        0.389015        0.318548
        -0.42386        0.103879        0.297529        0.387856        0.327209
       -0.390911        0.107954        0.310282        0.386227        0.335607
       -0.356979        0.112189        0.323353        0.384114        0.343689
       -0.322043         0.11659        0.336729        0.381508        0.351405
       -0.286084        0.121164        0.350393        0.378401        0.358703
       -0.249081        0.125917        0.364329        0.374786         0.36553
       -0.211017        0.130857        0.378518        0.370663        0.371834
       -0.171871        0.135991        0.392938        0.366032        0.377566
       -0.131624        0.141326        0.407568          0.3609        0.382678
      -0.0902592         0.14687        0.422381        0.355273        0.387125
      -0.0477572        0.152632        0.437352        0.349167        0.390868
     -0.00410058         0.15862        0.452453        0.342596        0.393869
       0.0407278        0.164842        0.467655        0.335583        0.396099
       0.0867447        0.171309        0.482927        0.328151        0.397532
        0.133966         0.17803        0.498239        0.320329        0.398151
        0.182408        0.185014        0.513559        0.312148        0.397943
        0.232086        0.192272        0.528855        0.303644        0.396907
        0.283012        0.199815        0.544095        0.294853        0.395045
        0.335203        0.207654        0.559247        0.285815        0.392368
        0.388669          0.2158        0.574282        0.276571        0.388895
        0.443424        0.224266        0.589167        0.267163        0.384651
        0.499479        0.233064        0.603875        0.257633         0.37967
        0.556844        0.242208        0.618378        0.248025        0.373988
        0.615529         0.25171         0.63265         0.23838        0.367651
        0.675543        0.261584        0.646665        0.228739        0.360706
        0.736894        0.271847        0.660403        0.219142        0.353205
        0.799589        0.282511        0.673842        0.209626        0.345205
        0.863634        0.293594        0.686965        0.200225        0.336763
        0.929033        0.305112        0.699755        0.190973        0.327937
        0.995792        0.317082        0.712199        0.181899        0.318788
         1.06391        0.329521        0.724286        0.173029        0.309373
          1.1334        0.342449        0.736006        0.164387        0.299752
         1.20425        0.355883        0.747353        0.155992        0.289979
         1.27646        0.369845        0.758322        0.147861         0.28011
         1.35004        0.384354         0.76891        0.140008        0.270196
         1.42499        0.399432        0.779116        0.132444        0.260284
         1.50129        0.415102        0.788942        0.125177        0.250419
         1.57895        0.431387         0.79839        0.118211        0.240642
         1.65796         0.44831        0.807464         0.11155        0.230989
         1.73831        0.465898        0.816169        0.105193        0.221495
            1.82        0.484175        0.824513       0.0991404        0.212188
         1.90303         0.50317        0.832502       0.0933872        0.203093
         1.98737         0.52291        0.840146       0.0879288        0.194232
         2.07303        0.543424        0.847454       0.0827589        0.185623
         2.15999        0.564742        0.854435       0.0778698        0.177281
         2.24824        0.586898        0.861101        0.073253        0.169216
         2.33777        0.609922        0.867462       0.0688994        0.161437
         2.42856         0.63385        0.873529       0.0647989        0.153949
         2.52061        0.658716        0.879314       0.0609413        0.146756
         2.61389        0.684558        0.884828       0.0573159        0.139859
          2.7084        0.711413        0.890082        0.053912        0.133256
         2.80411        0.739322        0.895087       0.0507188        0.126945
         2.90102        0.768327        0.899855       0.0477254         0.12092
          2.9991        0.798468        0.904397       0.0449211        0.115176
         3.09834        0.829793        0.908723       0.0422954        0.109707
         3.19872        0.862346        0.912843       0.0398381        0.104505
         3.30022        0.896176        0.916769       0.0375392         0.09956
         3.40283        0.931334        0.920509       0.0353891       0.0948641
         3.50652        0.967871        0.924073       0.0333786       0.0904075
         3.61127         1.00584         0.92747       0.0314986       0.0861803
         3.71708          1.0453        0.930708       0.0297409       0.0821724
         3.82391         1.08631        0.933796       0.0280972       0.0783736
         3.93174         1.12892        0.936742       0.0265598       0.0747737
         4.04057         1.17321        0.939554       0.0251216       0.0713628
         4.15036         1.21924        0.942237       0.0237756       0.0681307
          4.2611         1.26707        0.944799       0.0225155       0.0650679
         4.37277         1.31678        0.947247        0.021335       0.0621647
         4.48534         1.36844        0.949585       0.0202285       0.0594121
          4.5988         1.42212        0.951821       0.0191907       0.0568011
         4.71312         1.47791        0.953959       0.0182166       0.0543233
          4.8283         1.53589        0.956003       0.0173016       0.0519704
         4.94429         1.59615         0.95796       0.0164412       0.0497349
          5.0611         1.65876        0.959832       0.0156316       0.0476092
         5.17869         1.72384        0.961625       0.0148689       0.0455864
         5.29705         1.79146        0.963342       0.0141498       0.0436601
         5.41615         1.86174        0.964986        0.013471        0.041824
         5.53598         1.93478        0.966562       0.0128297       0.0400724
         5.65653         2.01068        0.968072       0.0122231       0.0383999
         5.77776         2.08957        0.969518       0.0116487       0.0368015
         5.89966         2.17154        0.970905       0.0111042       0.0352727
         6.02222         2.25673        0.972234       0.0105877       0.0338091
         6.14541         2.34526        0.973507        0.010097       0.0324067
         6.26922         2.43727        0.974728      0.00963056        0.031062
         6.39363         2.53289        0.975899      0.00918669       0.0297716
         6.51863         2.63225         0.97702      0.00876395       0.0285325
         6.64419         2.73552        0.978095        0.008361       0.0273419
          6.7703         2.84283        0.979125      0.00797663       0.0261972
         6.89694         2.95436        0.980112      0.00760973       0.0250961
         7.02411         3.07026        0.981057      0.00725928       0.0240366
         7.15177         3.19071        0.981962      0.00692438       0.0230167
         7.27992         3.31588        0.982829      0.00660417       0.0220346
         7.40854         3.44597        0.983659      0.00629789       0.0210888
         7.53762         3.58115        0.984453      0.00600484       0.0201778
         7.66715         3.72164        0.985212      0.00572437       0.0193003
          7.7971         3.86765        0.985938       0.0054559        0.018455
         7.92747         4.01938        0.986633      0.00519887       0.0176409
         8.05824         4.17706        0.987296      0.00495279       0.0168569
          8.1894         4.34093         0.98793      0.00471718        0.016102
         8.32094         4.51122        0.988536      0.00449161       0.0153754
         8.45285          4.6882        0.989114      0.00427568       0.0146762
         8.58511         4.87212        0.989666        0.004069       0.0140035
         8.71771         5.06326        0.990192      0.00387122       0.0133567
         8.85064         5.26189        0.990694      0.00368199       0.0127349
         8.98389         5.46832        0.991173      0.00350099       0.0121375
         9.11745         5.68285        0.991628      0.00332792       0.0115637
         9.25131         5.90579        0.992063      0.00316247        0.011013
         9.38546         6.13748        0.992476      0.00300437       0.0104846
         9.51988         6.37825         0.99287      0.00285334      0.00997784
         9.65458         6.62848        0.993245      0.00270913      0.00949219
         9.78954         6.88852        0.993601      0.00257147      0.00902696
         9.92474         7.15876        0.993939      0.00244012      0.00858154
         10.0602          7.4396        0.994261      0.00231484      0.00815531
         10.1959         7.73146        0.994567       0.0021954      0.00774767
         10.3318         8.03477        0.994858      0.00208157        0.007358
         10.4679         8.34998        0.995134      0.00197313      0.00698571
         10.6043         8.67755        0.995396      0.00186987      0.00663021
         10.7408         9.01798        0.995644      0.00177159      0.00629092
         10.8776         9.37176         0.99588      0.00167807      0.00596726
         11.0145         9.73942        0.996104      0.00158912      0.00565866
         11.1516         10.1215        0.996316      0.00150456      0.00536456
         11.2889         10.5186        0.996517      0.00142419      0.00508442
         11.4264         10.9312        0.996707      0.00134784      0.00481769
          11.564         11.3601        0.996888      0.00127532      0.00456385
         11.7018         11.8057        0.997059      0.00120648      0.00432237
         11.8397         12.2689        0.997221      0.00114114      0.00409275
         11.9778         12.7502        0.997374      0.00107916      0.00387449
          12.116         13.2504        0.997519      0.00102037      0.00366712
         12.2544         13.7702        0.997656     0.000964627      0.00347016
         12.3929         14.3104        0.997786     0.000911792      0.00328316
         12.5315         14.8718        0.997909     0.000861725      0.00310568
         12.6702         15.4553        0.998025     0.000814294      0.00293729
         12.8091         16.0616        0.998135     0.000769372      0.00277757
         12.9481         16.6917        0.998239     0.000726838      0.00262613
         13.0872         17.3465        0.998337     0.000686574      0.00248258
         13.2264          18.027         0.99843     0.000648467      0.00234654
         13.3657         18.7342        0.998518     0.000612411      0.00221766
         13.5051         19.4692        0.998601     0.000578301      0.00209559
         13.6445          20.233        0.998679     0.000546039         0.00198
         13.7841         21.0267        0.998753     0.000515531      0.00187058
         13.9238         21.8516        0.998823     0.000486687      0.00176701
         14.0635         22.7089         0.99889      0.00045942        0.001669
         14.2034         23.5997        0.998952     0.000433649      0.00157628
         14.3433         24.5256        0.999011     0.000409295      0.00148858
         14.4833         25.4877        0.999067     0.000386284      0.00140563
         14.6233         26.4876        0.999119     0.000364544       0.0013272
         14.7635         27.5268        0.999169     0.000344009      0.00125305
